148.4000	20.9884
147.1500	20.9960
169.0000	21.0055
197.7900	21.0125
229.6400	21.0217
263.3900	21.0314
298.5500	21.0411
335.0000	21.0504
372.2000	21.0580
409.3000	21.0689
446.5000	21.0775
485.3000	21.0847
521.3000	21.0944
556.3000	21.1031
593.4000	21.1090
631.5000	21.1197
670.1000	21.1257
708.8000	21.1335
748.5000	21.1430
788.9000	21.1502
828.7000	21.1572
868.5000	21.1638
909.1000	21.1708
950.4000	21.1764
991.6000	21.1858
1032.2000	21.1924
1077.7000	21.1981
1117.9000	21.2038
1156.9000	21.2098
1196.2000	21.2133
1235.0000	21.2187
1274.5000	21.2263
1314.3000	21.2294
1354.2000	21.2343
1392.7000	21.2399
1433.0000	21.2444
1471.9000	21.2469
1511.6000	21.2522
1552.6000	21.2570
1594.4000	21.2617
1636.3000	21.2656
1677.6000	21.2693
1721.0000	21.2728
1763.9000	21.2771
1804.0000	21.2817
1844.6000	21.2854
1886.3000	21.2891
1928.4000	21.2907
1967.7000	21.2971
2012.3000	21.3000
2051.9000	21.3029
2093.3000	21.3043
2134.1000	21.3082
2175.4000	21.3105
2217.4000	21.3161
2257.9000	21.3190
2297.9000	21.3200
2339.5000	21.3243
2381.5000	21.3282
2424.3000	21.3282
2465.7000	21.3327
2506.2000	21.3363
2551.1000	21.3397
2591.9000	21.3395
2627.6000	21.3418
2663.4000	21.3445
2701.4000	21.3456
2739.1000	21.3469
2779.2000	21.3491
2818.4000	21.3531
2857.9000	21.3532
2895.4000	21.3555
2934.7000	21.3577
2975.1000	21.3596
3025.0000	21.3615
3051.0000	21.3632
3089.0000	21.3640
3127.0000	21.3668
3169.0000	21.3681
3209.0000	21.3710
3255.0000	21.3733
3294.0000	21.3743
3336.0000	21.3764
3371.0000	21.3768
3409.0000	21.3796
3447.0000	21.3801
3484.0000	21.3819
3521.0000	21.3845
3558.0000	21.3859
3597.0000	21.3865
3634.0000	21.3881
3671.0000	21.3897
3709.0000	21.3915
3746.0000	21.3921
3782.0000	21.3945
3818.0000	21.3944
3853.0000	21.3974
3888.0000	21.3962
3924.0000	21.3985
3958.0000	21.4008
3995.0000	21.3998
4030.0000	21.4026
4067.0000	21.4045
4099.0000	21.4056
4134.0000	21.4055
4169.0000	21.4087
4204.0000	21.4075
4238.0000	21.4112
4272.0000	21.4098
4306.0000	21.4110
4340.0000	21.4112
4374.0000	21.4137
4408.0000	21.4135
4443.0000	21.4138
4477.0000	21.4156
4511.0000	21.4156
4541.0000	21.4166
4553.0000	21.4177
4543.0000	21.4152
4524.0000	21.4153
4501.0000	21.4143
4477.0000	21.4146
4453.0000	21.4142
4427.0000	21.4148
4400.0000	21.4096
4372.0000	21.4115
4345.0000	21.4090
4316.0000	21.4074
4287.0000	21.4075
4256.0000	21.4061
4224.0000	21.4061
4195.0000	21.4045
4163.0000	21.4045
4134.0000	21.4039
4100.0000	21.4012
4066.0000	21.4002
4036.0000	21.3998
4003.0000	21.3985
3970.0000	21.3968
3935.0000	21.3956
3900.0000	21.3942
3865.0000	21.3938
3829.0000	21.3915
3794.0000	21.3899
3757.0000	21.3885
3722.0000	21.3870
3686.0000	21.3867
3648.0000	21.3837
3608.0000	21.3838
3572.0000	21.3833
3536.0000	21.3804
3499.0000	21.3781
3462.0000	21.3765
3425.0000	21.3754
3387.0000	21.3734
3348.0000	21.3709
3309.0000	21.3688
3269.0000	21.3689
3231.0000	21.3670
3191.0000	21.3651
3152.0000	21.3646
3112.0000	21.3627
3069.0000	21.3603
3028.0000	21.3571
2987.0000	21.3545
2947.0000	21.3549
2910.0000	21.3510
2873.0000	21.3488
2835.0000	21.3488
2795.0000	21.3468
2755.0000	21.3431
2714.0000	21.3395
2673.0000	21.3374
2631.0000	21.3346
2589.0000	21.3317
2544.0000	21.3310
2502.0000	21.3268
2461.0000	21.3241
2421.0000	21.3216
2379.0000	21.3183
2337.0000	21.3146
2296.0000	21.3126
2251.0000	21.3087
2204.0000	21.3052
2161.0000	21.3012
2121.0000	21.2988
2077.0000	21.2949
2036.0000	21.2918
1976.7000	21.2914
1959.2000	21.2854
1911.2000	21.2798
1875.3000	21.2786
1833.6000	21.2726
1784.7000	21.2671
1736.4000	21.2646
1691.6000	21.2597
1650.0000	21.2547
1607.5000	21.2492
1562.5000	21.2442
1520.3000	21.2401
1485.2000	21.2370
1444.0000	21.2316
1402.1000	21.2271
1360.2000	21.2199
1323.9000	21.2164
1278.2000	21.2102
1231.9000	21.2038
1187.7000	21.1987
1144.3000	21.1911
1102.0000	21.1828
1057.4000	21.1787
1014.1000	21.1701
971.0000	21.1625
929.0000	21.1553
887.1000	21.1491
845.9000	21.1409
805.2000	21.1337
764.4000	21.1273
723.0000	21.1173
681.5000	21.1085
641.1000	21.1000
597.7000	21.0894
553.9000	21.0804
512.2000	21.0725
469.8000	21.0618
422.7000	21.0497
378.1000	21.0390
333.0000	21.0277
298.1000	21.0171
254.9000	21.0060
215.1000	20.9955
163.8100	20.9833
146.6400	20.9809
142.6700	20.9844
141.8900	20.9866
104.2200	20.9792
68.6200	20.9675
31.5900	20.9547
-6.0500	20.9438
-58.6000	20.9314
-89.1400	20.9191
-130.9300	20.9055
-173.7800	20.8936
-215.1000	20.8824
-256.2800	20.8717
-299.7000	20.8590
-341.9000	20.8499
-381.8000	20.8386
-421.3000	20.8305
-462.0000	20.8207
-502.0000	20.8087
-544.4000	20.8003
-586.1000	20.7904
-627.1000	20.7838
-668.1000	20.7739
-711.6000	20.7649
-754.2000	20.7562
-793.9000	20.7486
-836.1000	20.7406
-879.2000	20.7320
-923.9000	20.7251
-964.0000	20.7184
-1005.5000	20.7118
-1045.6000	20.7059
-1087.0000	20.6999
-1124.9000	20.6921
-1166.8000	20.6901
-1206.8000	20.6825
-1245.8000	20.6794
-1284.3000	20.6709
-1325.5000	20.6667
-1366.0000	20.6613
-1406.5000	20.6570
-1445.4000	20.6529
-1488.3000	20.6453
-1530.8000	20.6426
-1572.9000	20.6380
-1615.7000	20.6335
-1659.6000	20.6275
-1700.9000	20.6241
-1741.6000	20.6195
-1782.0000	20.6158
-1823.5000	20.6121
-1866.1000	20.6080
-1907.2000	20.6039
-1948.8000	20.6006
-1991.2000	20.5960
-2035.4000	20.5942
-2077.2000	20.5901
-2117.9000	20.5864
-2159.3000	20.5822
-2200.8000	20.5796
-2240.0000	20.5765
-2281.8000	20.5730
-2323.2000	20.5717
-2363.5000	20.5691
-2402.1000	20.5666
-2445.6000	20.5621
-2485.1000	20.5602
-2522.2000	20.5590
-2559.2000	20.5567
-2596.8000	20.5547
-2637.5000	20.5501
-2677.4000	20.5479
-2720.0000	20.5464
-2760.1000	20.5425
-2798.8000	20.5431
-2837.6000	20.5402
-2878.3000	20.5365
-2919.2000	20.5343
-2959.9000	20.5328
-2998.8000	20.5295
-3047.0000	20.5273
-3086.0000	20.5262
-3125.0000	20.5232
-3164.0000	20.5225
-3203.0000	20.5199
-3243.0000	20.5176
-3283.0000	20.5161
-3321.0000	20.5139
-3360.0000	20.5137
-3399.0000	20.5120
-3438.0000	20.5098
-3476.0000	20.5081
-3513.0000	20.5063
-3553.0000	20.5052
-3594.0000	20.5036
-3634.0000	20.5005
-3671.0000	20.5007
-3708.0000	20.4972
-3746.0000	20.4976
-3784.0000	20.4951
-3822.0000	20.4939
-3856.0000	20.4930
-3893.0000	20.4906
-3930.0000	20.4884
-3968.0000	20.4869
-4005.0000	20.4857
-4039.0000	20.4847
-4074.0000	20.4842
-4113.0000	20.4833
-4151.0000	20.4830
-4188.0000	20.4798
-4224.0000	20.4808
-4260.0000	20.4766
-4295.0000	20.4784
-4331.0000	20.4754
-4368.0000	20.4748
-4405.0000	20.4732
-4441.0000	20.4723
-4478.0000	20.4698
-4513.0000	20.4691
-4542.0000	20.4699
-4546.0000	20.4688
-4531.0000	20.4703
-4511.0000	20.4714
-4488.0000	20.4710
-4466.0000	20.4730
-4442.0000	20.4730
-4418.0000	20.4740
-4392.0000	20.4763
-4366.0000	20.4747
-4339.0000	20.4773
-4312.0000	20.4788
-4285.0000	20.4782
-4257.0000	20.4804
-4226.0000	20.4797
-4199.0000	20.4809
-4170.0000	20.4823
-4138.0000	20.4836
-4104.0000	20.4852
-4075.0000	20.4856
-4044.0000	20.4880
-4013.0000	20.4890
-3979.0000	20.4902
-3946.0000	20.4919
-3912.0000	20.4920
-3879.0000	20.4930
-3845.0000	20.4950
-3810.0000	20.4964
-3775.0000	20.4970
-3739.0000	20.4976
-3704.0000	20.5001
-3668.0000	20.5002
-3632.0000	20.5032
-3594.0000	20.5046
-3558.0000	20.5056
-3521.0000	20.5071
-3485.0000	20.5083
-3446.0000	20.5110
-3409.0000	20.5126
-3371.0000	20.5141
-3334.0000	20.5147
-3295.0000	20.5194
-3257.0000	20.5186
-3217.0000	20.5207
-3179.0000	20.5227
-3140.0000	20.5250
-3100.0000	20.5269
-3060.0000	20.5289
-3023.0000	20.5322
-2984.0000	20.5341
-2942.0000	20.5355
-2902.0000	20.5386
-2867.0000	20.5402
-2829.0000	20.5431
-2790.0000	20.5444
-2750.0000	20.5468
-2710.0000	20.5489
-2668.0000	20.5532
-2626.0000	20.5565
-2586.0000	20.5569
-2546.0000	20.5596
-2505.0000	20.5623
-2463.0000	20.5649
-2419.0000	20.5682
-2377.0000	20.5712
-2335.0000	20.5741
-2294.0000	20.5769
-2254.0000	20.5775
-2215.0000	20.5833
-2173.0000	20.5857
-2132.0000	20.5890
-2093.0000	20.5934
-2052.0000	20.5958
-2011.0000	20.5999
-1960.1000	20.6040
-1921.8000	20.6083
-1879.9000	20.6111
-1836.9000	20.6151
-1795.6000	20.6185
-1755.2000	20.6235
-1711.9000	20.6262
-1666.9000	20.6320
-1628.1000	20.6371
-1584.7000	20.6419
-1544.0000	20.6462
-1505.7000	20.6511
-1465.0000	20.6548
-1424.5000	20.6606
-1389.6000	20.6664
-1345.4000	20.6707
-1299.9000	20.6783
-1255.7000	20.6838
-1212.6000	20.6907
-1167.9000	20.6968
-1124.8000	20.7024
-1082.3000	20.7104
-1039.1000	20.7180
-995.2000	20.7254
-952.4000	20.7316
-910.3000	20.7407
-869.1000	20.7481
-827.2000	20.7549
-785.7000	20.7635
-745.2000	20.7718
-703.5000	20.7810
-662.4000	20.7879
-621.6000	20.7979
-579.0000	20.8085
-536.0000	20.8185
-491.4000	20.8295
-448.7000	20.8408
-401.7000	20.8532
-358.0000	20.8619
-318.0000	20.8734
-273.8000	20.8847
-237.3000	20.8944
-199.2000	20.9076
-154.1100	20.9150
-132.8300	20.9148
-135.2000	20.9162
-108.8200	20.9290
-80.3200	20.9372
-47.6700	20.9475
2.2750	20.9606
29.5810	20.9715
70.5700	20.9845
115.0400	20.9982
157.2200	21.0084
199.4500	21.0205
242.0300	21.0325
285.8400	21.0425
340.5000	21.0541
370.2000	21.0646
408.6000	21.0744
448.6000	21.0847
489.6000	21.0932
530.1000	21.1025
572.4000	21.1115
614.8000	21.1216
656.1000	21.1286
695.8000	21.1388
738.6000	21.1460
782.2000	21.1538
824.4000	21.1612
866.0000	21.1694
908.7000	21.1770
953.8000	21.1854
994.8000	21.1907
1036.1000	21.1973
1075.9000	21.2043
1116.5000	21.2107
1155.4000	21.2152
1194.9000	21.2207
1234.8000	21.2284
1274.8000	21.2323
1314.1000	21.2352
1352.9000	21.2450
1394.3000	21.2516
1436.2000	21.2537
1476.4000	21.2602
1517.7000	21.2650
1560.2000	21.2702
1602.2000	21.2725
1642.9000	21.2778
1684.8000	21.2811
1725.8000	21.2853
1766.8000	21.2895
1806.6000	21.2915
1849.0000	21.2969
1891.1000	21.3006
1932.8000	21.3041
1972.9000	21.3087
2015.2000	21.3114
2058.7000	21.3149
2100.2000	21.3149
2141.2000	21.3178
2182.6000	21.3232
2225.9000	21.3244
2267.0000	21.3287
2309.9000	21.3314
2352.9000	21.3331
2395.3000	21.3368
2435.0000	21.3392
2478.0000	21.3413
2517.1000	21.3415
2555.5000	21.3442
2594.8000	21.3477
2631.8000	21.3489
2672.0000	21.3514
2711.4000	21.3522
2753.4000	21.3575
2791.6000	21.3563
2832.0000	21.3590
2871.9000	21.3613
2912.7000	21.3627
2954.3000	21.3650
2994.9000	21.3666
3032.0000	21.3693
3068.0000	21.3709
3107.0000	21.3740
3146.0000	21.3746
3186.0000	21.3781
3226.0000	21.3798
3265.0000	21.3796
3304.0000	21.3806
3341.0000	21.3831
3379.0000	21.3851
3417.0000	21.3864
3454.0000	21.3860
3493.0000	21.3882
3531.0000	21.3913
3569.0000	21.3907
3606.0000	21.3924
3643.0000	21.3948
3680.0000	21.3973
3718.0000	21.3948
3755.0000	21.3963
3793.0000	21.3991
3829.0000	21.3991
3868.0000	21.4002
3906.0000	21.4016
3941.0000	21.4024
3978.0000	21.4039
4015.0000	21.4053
4051.0000	21.4068
4086.0000	21.4088
4123.0000	21.4111
4160.0000	21.4111
4195.0000	21.4127
4230.0000	21.4146
4266.0000	21.4148
4302.0000	21.4162
4337.0000	21.4169
4372.0000	21.4185
4409.0000	21.4197
4444.0000	21.4203
4479.0000	21.4216
4513.0000	21.4224
4547.0000	21.4232
4580.0000	21.4236
4597.0000	21.4239
4590.0000	21.4239
4572.0000	21.4236
4550.0000	21.4226
4527.0000	21.4214
4503.0000	21.4216
4478.0000	21.4212
4453.0000	21.4191
4427.0000	21.4199
4401.0000	21.4185
4373.0000	21.4177
4345.0000	21.4158
4316.0000	21.4152
4288.0000	21.4152
4260.0000	21.4134
4228.0000	21.4119
4197.0000	21.4107
4162.0000	21.4107
4131.0000	21.4096
4099.0000	21.4063
4069.0000	21.4068
4036.0000	21.4057
4005.0000	21.4043
3973.0000	21.4035
3938.0000	21.4020
3903.0000	21.4010
3869.0000	21.4002
3833.0000	21.3969
3798.0000	21.3967
3764.0000	21.3960
3728.0000	21.3934
3693.0000	21.3930
3656.0000	21.3915
3619.0000	21.3884
3582.0000	21.3882
3545.0000	21.3864
3508.0000	21.3839
3471.0000	21.3820
3434.0000	21.3802
3397.0000	21.3806
3360.0000	21.3788
3322.0000	21.3779
3283.0000	21.3757
3244.0000	21.3728
3205.0000	21.3730
3167.0000	21.3691
3128.0000	21.3670
3085.0000	21.3656
3047.0000	21.3633
3005.0000	21.3625
2968.0000	21.3604
2928.0000	21.3586
2887.0000	21.3569
2851.0000	21.3543
2814.0000	21.3532
2776.0000	21.3508
2738.0000	21.3483
2694.0000	21.3462
2653.0000	21.3427
2611.0000	21.3396
2570.0000	21.3380
2530.0000	21.3363
2489.0000	21.3329
2446.0000	21.3310
2405.0000	21.3277
2363.0000	21.3244
2321.0000	21.3232
2281.0000	21.3209
2240.0000	21.3162
2200.0000	21.3133
2160.0000	21.3114
2119.0000	21.3075
2080.0000	21.3061
2040.0000	21.3015
2000.0000	21.2997
1964.4000	21.2943
1923.7000	21.2910
1881.5000	21.2875
1839.0000	21.2835
1797.4000	21.2795
1752.9000	21.2750
1711.1000	21.2713
1672.1000	21.2672
1631.5000	21.2628
1589.7000	21.2577
1546.6000	21.2546
1507.7000	21.2492
1468.3000	21.2454
1426.5000	21.2404
1386.6000	21.2361
1345.7000	21.2296
1303.8000	21.2258
1263.0000	21.2195
1217.6000	21.2115
1173.1000	21.2063
1131.0000	21.1997
1089.9000	21.1936
1043.7000	21.1873
1000.6000	21.1799
958.6000	21.1727
917.7000	21.1675
875.2000	21.1574
833.7000	21.1502
793.7000	21.1420
753.3000	21.1339
712.4000	21.1251
671.6000	21.1195
631.3000	21.1090
589.0000	21.0994
545.6000	21.0893
502.3000	21.0790
461.6000	21.0683
414.9000	21.0551
367.5000	21.0446
322.4000	21.0355
285.8000	21.0230
243.0000	21.0106
201.3000	21.0005
162.8900	20.9835
124.4800	20.9987
92.9200	20.9933
77.6400	20.9851
45.4500	20.9713
-2.7750	20.9641
-28.9660	20.9525
-70.0200	20.9357
-111.4700	20.9202
-155.1200	20.9062
-197.4600	20.8907
-239.3600	20.8826
-283.4700	20.8688
-337.5000	20.8598
-366.2000	20.8505
-406.2000	20.8306
-446.0000	20.8210
-485.3000	20.8107
-525.0000	20.8020
-567.1000	20.7954
-609.5000	20.7854
-649.9000	20.7777
-690.3000	20.7697
-733.9000	20.7606
-777.1000	20.7530
-817.3000	20.7458
-858.4000	20.7386
-901.6000	20.7304
-950.6000	20.7209
-992.6000	20.7147
-1029.5000	20.7081
-1067.5000	20.7020
-1107.8000	20.6954
-1146.0000	20.6888
-1186.2000	20.6865
-1225.9000	20.6804
-1264.5000	20.6748
-1302.8000	20.6639
-1343.1000	20.6581
-1383.0000	20.6542
-1424.4000	20.6493
-1462.9000	20.6439
-1505.8000	20.6388
-1547.2000	20.6336
-1589.0000	20.6293
-1630.0000	20.6262
-1672.7000	20.6223
-1713.1000	20.6182
-1753.2000	20.6143
-1793.2000	20.6085
-1834.3000	20.6056
-1876.2000	20.6015
-1918.2000	20.5976
-1958.6000	20.5949
-1999.5000	20.5898
-2041.1000	20.5873
-2082.7000	20.5836
-2124.0000	20.5793
-2164.7000	20.5758
-2205.5000	20.5735
-2246.2000	20.5721
-2289.2000	20.5672
-2330.5000	20.5629
-2372.3000	20.5610
-2411.3000	20.5585
-2454.8000	20.5551
-2495.1000	20.5529
-2529.5000	20.5517
-2566.8000	20.5479
-2605.6000	20.5458
-2642.8000	20.5423
-2681.0000	20.5419
-2717.8000	20.5400
-2756.3000	20.5377
-2795.8000	20.5347
-2835.2000	20.5320
-2873.7000	20.5298
-2913.7000	20.5279
-2952.4000	20.5256
-2990.4000	20.5238
-3042.0000	20.5219
-3074.0000	20.5203
-3112.0000	20.5180
-3151.0000	20.5153
-3192.0000	20.5151
-3234.0000	20.5115
-3273.0000	20.5112
-3311.0000	20.5079
-3351.0000	20.5075
-3389.0000	20.5069
-3427.0000	20.5058
-3464.0000	20.5024
-3503.0000	20.5009
-3541.0000	20.4997
-3579.0000	20.4978
-3618.0000	20.4949
-3659.0000	20.4929
-3694.0000	20.4908
-3729.0000	20.4901
-3766.0000	20.4890
-3803.0000	20.4865
-3842.0000	20.4858
-3879.0000	20.4834
-3911.0000	20.4833
-3946.0000	20.4825
-3982.0000	20.4825
-4017.0000	20.4795
-4054.0000	20.4777
-4090.0000	20.4760
-4124.0000	20.4744
-4158.0000	20.4739
-4195.0000	20.4725
-4230.0000	20.4715
-4265.0000	20.4710
-4299.0000	20.4690
-4334.0000	20.4691
-4370.0000	20.4674
-4405.0000	20.4661
-4439.0000	20.4637
-4473.0000	20.4642
-4505.0000	20.4625
-4539.0000	20.4627
-4549.0000	20.4614
-4566.0000	20.4604
-4598.0000	20.4613
-4596.0000	20.4614
-4593.0000	20.4602
-4586.0000	20.4627
-4572.0000	20.4626
-4556.0000	20.4627
-4535.0000	20.4631
-4512.0000	20.4639
-4489.0000	20.4653
-4464.0000	20.4660
-4439.0000	20.4665
-4414.0000	20.4681
-4387.0000	20.4685
-4360.0000	20.4698
-4334.0000	20.4696
-4305.0000	20.4718
-4276.0000	20.4735
-4248.0000	20.4726
-4216.0000	20.4748
-4185.0000	20.4742
-4155.0000	20.4758
-4127.0000	20.4795
-4097.0000	20.4779
-4065.0000	20.4793
-4032.0000	20.4799
-4000.0000	20.4818
-3966.0000	20.4840
-3931.0000	20.4842
-3895.0000	20.4862
-3861.0000	20.4876
-3825.0000	20.4900
-3788.0000	20.4903
-3753.0000	20.4910
-3717.0000	20.4929
-3681.0000	20.4941
-3643.0000	20.4960
-3605.0000	20.4982
-3569.0000	20.4997
-3533.0000	20.5024
-3496.0000	20.5030
-3460.0000	20.5052
-3423.0000	20.5056
-3387.0000	20.5087
-3351.0000	20.5089
-3313.0000	20.5118
-3274.0000	20.5153
-3235.0000	20.5145
-3195.0000	20.5184
-3155.0000	20.5203
-3116.0000	20.5217
-3073.0000	20.5221
-3033.0000	20.5246
-2993.0000	20.5269
-2954.0000	20.5279
-2916.0000	20.5301
-2877.0000	20.5328
-2841.0000	20.5345
-2804.0000	20.5372
-2765.0000	20.5370
-2726.0000	20.5406
-2685.0000	20.5409
-2643.0000	20.5464
-2602.0000	20.5482
-2559.0000	20.5516
-2518.0000	20.5544
-2477.0000	20.5564
-2435.0000	20.5594
-2393.0000	20.5629
-2351.0000	20.5660
-2310.0000	20.5674
-2269.0000	20.5725
-2228.0000	20.5750
-2187.0000	20.5773
-2147.0000	20.5819
-2107.0000	20.5833
-2068.0000	20.5866
-2028.0000	20.5918
-1969.7000	20.5957
-1939.4000	20.5976
-1898.0000	20.6021
-1857.1000	20.6066
-1815.6000	20.6095
-1775.0000	20.6128
-1730.8000	20.6173
-1689.7000	20.6219
-1645.9000	20.6272
-1609.7000	20.6314
-1568.3000	20.6365
-1526.4000	20.6388
-1490.1000	20.6423
-1449.8000	20.6472
-1408.1000	20.6515
-1377.5000	20.6552
-1336.2000	20.6639
-1292.3000	20.6684
-1250.2000	20.6744
-1207.1000	20.6791
-1163.9000	20.6849
-1121.6000	20.6929
-1079.6000	20.6989
-1035.7000	20.7057
-992.7000	20.7121
-950.7000	20.7219
-909.9000	20.7254
-868.1000	20.7339
-827.0000	20.7407
-786.8000	20.7510
-747.2000	20.7582
-706.0000	20.7656
-664.9000	20.7738
-624.1000	20.7843
-582.3000	20.7942
-539.5000	20.8051
-497.2000	20.8152
-454.5000	20.8271
-406.9000	20.8364
-365.4000	20.8471
-325.0000	20.8578
-285.7000	20.8688
-239.0000	20.8820
-199.7000	20.8931
-160.5700	20.9002
-135.7300	20.9049

