3276.0000	227.8414
3276.0000	227.8402
3285.0000	227.8398
3302.0000	227.8392
3324.0000	227.8348
3346.0000	227.8375
3371.0000	227.8348
3395.0000	227.8344
3420.0000	227.8301
3444.0000	227.8295
3470.0000	227.8277
3495.0000	227.8283
3520.0000	227.8287
3544.0000	227.8256
3569.0000	227.8264
3595.0000	227.8256
3621.0000	227.8225
3642.0000	227.8221
3666.0000	227.8246
3691.0000	227.8213
3717.0000	227.8192
3742.0000	227.8207
3767.0000	227.8190
3790.0000	227.8165
3813.0000	227.8157
3838.0000	227.8159
3863.0000	227.8155
3886.0000	227.8128
3910.0000	227.8136
3933.0000	227.8130
3957.0000	227.8103
3980.0000	227.8085
4005.0000	227.8077
4028.0000	227.8064
4051.0000	227.8060
4074.0000	227.8029
4097.0000	227.8052
4120.0000	227.8023
4143.0000	227.8003
4164.0000	227.8044
4181.0000	227.8027
4185.0000	227.8027
4185.0000	227.8025
4185.0000	227.7970
4185.0000	227.7980
4185.0000	227.7972
4184.0000	227.7988
4184.0000	227.7982
4184.0000	227.7988
4184.0000	227.7963
4184.0000	227.7963
4183.0000	227.7941
4183.0000	227.7962
4183.0000	227.7934
4183.0000	227.7931
4182.0000	227.7922
4182.0000	227.7931
4182.0000	227.7913
4182.0000	227.7942
4182.0000	227.7919
4182.0000	227.7878
4181.0000	227.7912
4181.0000	227.7922
4181.0000	227.7883
4181.0000	227.7886
4180.0000	227.7904
4178.0000	227.7861
4172.0000	227.7867
4161.0000	227.7908
4148.0000	227.7867
4132.0000	227.7896
4115.0000	227.7873
4098.0000	227.7894
4080.0000	227.7874
4061.0000	227.7906
4043.0000	227.7887
4027.0000	227.7910
4009.0000	227.7931
3990.0000	227.8040
3970.0000	227.8023
3950.0000	227.7963
3932.0000	227.8019
3911.0000	227.7992
3892.0000	227.7990
3870.0000	227.8005
3849.0000	227.7963
3828.0000	227.7962
3807.0000	227.8031
3784.0000	227.8021
3761.0000	227.8066
3738.0000	227.8054
3717.0000	227.8083
3693.0000	227.8064
3671.0000	227.8052
3649.0000	227.8031
3624.0000	227.8025
3601.0000	227.8029
3576.0000	227.8031
3553.0000	227.8042
3531.0000	227.8033
3508.0000	227.8132
3483.0000	227.8143
3457.0000	227.8124
3434.0000	227.8118
3410.0000	227.8103
3385.0000	227.8130
3356.0000	227.8120
3330.0000	227.8149
3303.0000	227.8147
3280.0000	227.8142
3254.0000	227.8132
3227.0000	227.8171
3201.0000	227.8151
3179.0000	227.8180
3154.0000	227.8179
3130.0000	227.8223
3104.0000	227.8200
3076.0000	227.8235
3049.0000	227.8246
3022.0000	227.8200
2994.0000	227.8239
2967.0000	227.8252
2943.0000	227.8280
2916.0000	227.8239
2888.0000	227.8233
2862.0000	227.8215
2838.0000	227.8260
2814.0000	227.8204
2789.0000	227.8256
2764.0000	227.8283
2740.0000	227.8239
2715.0000	227.8236
2688.0000	227.8246
2661.0000	227.8246
2633.0000	227.8345
2607.0000	227.8320
2580.0000	227.8316
2554.0000	227.8342
2527.0000	227.8326
2499.0000	227.8318
2472.0000	227.8315
2445.0000	227.8367
2418.0000	227.8320
2389.0000	227.8360
2361.0000	227.8336
2334.0000	227.8313
2307.0000	227.8356
2280.0000	227.8334
2254.0000	227.8327
2226.0000	227.8357
2200.0000	227.8353
2172.0000	227.8358
2146.0000	227.8338
2118.0000	227.8396
2093.0000	227.8425
2065.0000	227.8398
2040.0000	227.8405
2012.0000	227.8348
1980.5000	227.8340
1964.5000	227.8462
1937.8000	227.8437
1910.2000	227.8433
1883.2000	227.8443
1854.2000	227.8445
1827.7000	227.8447
1799.4000	227.8460
1771.5000	227.8456
1742.7000	227.8443
1712.7000	227.8433
1684.7000	227.8509
1654.7000	227.8507
1626.5000	227.8503
1598.8000	227.8548
1573.9000	227.8583
1550.0000	227.8583
1522.8000	227.8629
1497.4000	227.8653
1469.2000	227.8616
1444.0000	227.8612
1415.2000	227.8618
1388.8000	227.8678
1361.4000	227.8643
1334.8000	227.8703
1306.0000	227.8721
1278.6000	227.8793
1250.9000	227.8818
1222.3000	227.8828
1193.7000	227.8836
1165.2000	227.8834
1136.4000	227.8814
1108.2000	227.8839
1078.5000	227.8832
1049.3000	227.8814
1020.6000	227.8847
992.1000	227.8858
963.8000	227.8898
936.1000	227.8889
908.4000	227.8874
880.5000	227.8885
852.1000	227.8897
823.6000	227.8922
796.5000	227.8866
769.3000	227.8924
742.8000	227.8916
715.1000	227.8866
687.9000	227.8903
659.8000	227.8926
632.4000	227.8912
603.3000	227.8953
576.0000	227.8959
546.6000	227.8967
519.8000	227.8990
491.1000	227.8988
463.4000	227.9046
435.1000	227.9023
405.5000	227.9035
371.7000	227.9072
341.0000	227.9052
315.2000	227.9048
289.3000	227.9091
260.4000	227.9109
235.0000	227.9130
209.7000	227.9113
172.0200	227.9161
155.6600	227.9169
137.8700	227.9148
129.5800	227.9043
115.3100	227.9255
97.5700	227.9280
89.2200	227.9241
84.2500	227.9272
76.0500	227.9280
55.2900	227.9266
34.0600	227.9249
-3.7420	227.9255
-16.9830	227.9198
-55.3800	227.9295
-70.1900	227.9358
-101.4200	227.9342
-128.8100	227.9313
-158.6100	227.9307
-184.9300	227.9313
-213.5600	227.9286
-240.9800	227.9283
-269.6300	227.9348
-297.8600	227.9321
-340.4000	227.9351
-355.1000	227.9273
-383.4000	227.9287
-408.6000	227.9281
-435.9000	227.9265
-462.0000	227.9259
-490.3000	227.9367
-517.0000	227.9367
-545.7000	227.9428
-572.2000	227.9428
-600.4000	227.9414
-627.2000	227.9408
-656.3000	227.9410
-682.0000	227.9400
-710.4000	227.9398
-738.3000	227.9367
-768.2000	227.9393
-794.9000	227.9369
-823.5000	227.9400
-851.3000	227.9381
-880.9000	227.9363
-909.2000	227.9395
-939.8000	227.9348
-967.7000	227.9358
-995.1000	227.9383
-1021.9000	227.9503
-1048.9000	227.9501
-1075.3000	227.9523
-1102.6000	227.9433
-1128.3000	227.9498
-1155.7000	227.9447
-1181.4000	227.9437
-1209.3000	227.9451
-1236.8000	227.9428
-1262.9000	227.9426
-1288.7000	227.9412
-1314.4000	227.9414
-1340.6000	227.9416
-1368.7000	227.9383
-1397.4000	227.9377
-1424.9000	227.9398
-1452.1000	227.9348
-1479.2000	227.9470
-1506.7000	227.9503
-1532.9000	227.9511
-1560.9000	227.9554
-1589.9000	227.9647
-1617.6000	227.9661
-1644.5000	227.9723
-1672.4000	227.9818
-1699.2000	227.9636
-1725.9000	227.9643
-1752.3000	227.9606
-1780.0000	227.9643
-1808.2000	227.9606
-1836.4000	227.9680
-1864.0000	227.9634
-1891.5000	227.9628
-1918.4000	227.9599
-1946.1000	227.9669
-1970.3000	227.9636
-1991.5000	227.9587
-2017.5000	227.9591
-2046.2000	227.9581
-2075.0000	227.9562
-2102.8000	227.9564
-2129.2000	227.9581
-2158.7000	227.9536
-2187.2000	227.9599
-2217.1000	227.9587
-2246.3000	227.9579
-2274.7000	227.9558
-2303.1000	227.9515
-2330.7000	227.9550
-2356.5000	227.9546
-2384.1000	227.9554
-2411.6000	227.9484
-2439.3000	227.9626
-2467.2000	227.9618
-2494.0000	227.9595
-2519.9000	227.9636
-2546.0000	227.9608
-2570.5000	227.9595
-2596.3000	227.9591
-2619.8000	227.9599
-2647.0000	227.9680
-2675.5000	227.9614
-2702.7000	227.9556
-2730.7000	227.9531
-2760.6000	227.9501
-2788.2000	227.9519
-2814.8000	227.9521
-2840.9000	227.9560
-2867.9000	227.9511
-2894.1000	227.9531
-2921.3000	227.9529
-2947.7000	227.9521
-2974.9000	227.9523
-3000.1000	227.9492
-3047.0000	227.9575
-3070.0000	227.9509
-3096.0000	227.9478
-3122.0000	227.9513
-3150.0000	227.9474
-3176.0000	227.9498
-3204.0000	227.9455
-3230.0000	227.9503
-3258.0000	227.9624
-3283.0000	227.9587
-3309.0000	227.9632
-3334.0000	227.9653
-3360.0000	227.9640
-3386.0000	227.9626
-3412.0000	227.9620
-3437.0000	227.9684
-3464.0000	227.9606
-3489.0000	227.9651
-3516.0000	227.9579
-3542.0000	227.9577
-3568.0000	227.9525
-3594.0000	227.9583
-3619.0000	227.9568
-3643.0000	227.9595
-3668.0000	227.9587
-3692.0000	227.9575
-3716.0000	227.9575
-3741.0000	227.9542
-3765.0000	227.9543
-3789.0000	227.9556
-3813.0000	227.9542
-3834.0000	227.9540
-3855.0000	227.9491
-3878.0000	227.9480
-3904.0000	227.9480
-3929.0000	227.9665
-3954.0000	227.9733
-3978.0000	227.9698
-4001.0000	227.9667
-4025.0000	227.9704
-4048.0000	227.9779
-4072.0000	227.9702
-4095.0000	227.9733
-4118.0000	227.9723
-4142.0000	227.9742
-4166.0000	227.9728
-4186.0000	227.9685
-4200.0000	227.9734
-4203.0000	227.9681
-4203.0000	227.9699
-4203.0000	227.9754
-4202.0000	227.9768
-4202.0000	227.9893
-4202.0000	227.9913
-4201.0000	227.9881
-4200.0000	227.9869
-4195.0000	227.9840
-4186.0000	227.9831
-4175.0000	227.9801
-4161.0000	227.9812
-4146.0000	227.9793
-4130.0000	227.9825
-4114.0000	227.9843
-4097.0000	227.9849
-4078.0000	227.9783
-4059.0000	227.9707
-4040.0000	227.9682
-4023.0000	227.9693
-4005.0000	227.9660
-3988.0000	227.9658
-3970.0000	227.9676
-3950.0000	227.9613
-3930.0000	227.9672
-3910.0000	227.9710
-3892.0000	227.9689
-3870.0000	227.9706
-3850.0000	227.9695
-3829.0000	227.9673
-3806.0000	227.9742
-3784.0000	227.9724
-3763.0000	227.9637
-3740.0000	227.9663
-3717.0000	227.9680
-3693.0000	227.9845
-3671.0000	227.9694
-3648.0000	227.9722
-3625.0000	227.9758
-3602.0000	227.9760
-3578.0000	227.9710
-3554.0000	227.9796
-3530.0000	227.9836
-3506.0000	227.9806
-3482.0000	227.9766
-3458.0000	227.9790
-3434.0000	227.9756
-3411.0000	227.9806
-3387.0000	227.9862
-3363.0000	227.9785
-3339.0000	227.9737
-3315.0000	227.9601
-3290.0000	227.9739
-3265.0000	227.9766
-3239.0000	227.9826
-3213.0000	227.9818
-3186.0000	227.9871
-3160.0000	227.9829
-3136.0000	227.9859
-3114.0000	227.9822
-3093.0000	227.9923
-3068.0000	227.9830
-3043.0000	227.9860
-3015.0000	227.9883
-2988.0000	227.9846
-2962.0000	227.9809
-2937.0000	227.9820
-2911.0000	227.9861
-2885.0000	227.9842
-2858.0000	227.9824
-2835.0000	227.9844
-2813.0000	227.9883
-2789.0000	227.9855
-2764.0000	227.9840
-2737.0000	227.9799
-2712.0000	227.9764
-2685.0000	227.9877
-2658.0000	227.9888
-2631.0000	227.9865
-2604.0000	227.9949
-2577.0000	227.9937
-2550.0000	228.0001
-2522.0000	227.9945
-2495.0000	227.9960
-2467.0000	227.9978
-2439.0000	227.9966
-2411.0000	227.9904
-2383.0000	227.9945
-2355.0000	227.9902
-2328.0000	227.9927
-2299.0000	228.0092
-2273.0000	228.0138
-2244.0000	228.0114
-2218.0000	228.0116
-2190.0000	228.0067
-2165.0000	228.0102
-2137.0000	228.0054
-2112.0000	228.0153
-2084.0000	228.0100
-2059.0000	228.0100
-2030.0000	228.0133
-2003.0000	227.9954
-1957.1000	228.0149
-1941.7000	227.9875
-1913.5000	228.0118
-1886.7000	228.0115
-1857.5000	228.0128
-1831.3000	228.0157
-1803.2000	228.0145
-1775.3000	228.0130
-1745.6000	228.0159
-1716.6000	228.0089
-1692.7000	228.0157
-1666.3000	228.0196
-1637.8000	228.0018
-1607.6000	228.0223
-1576.6000	228.0165
-1548.2000	228.0178
-1524.1000	228.0172
-1497.9000	228.0236
-1471.6000	228.0203
-1445.9000	228.0221
-1417.6000	228.0279
-1390.2000	228.0295
-1362.6000	228.0378
-1334.1000	228.0351
-1305.2000	228.0221
-1278.5000	228.0240
-1251.1000	228.0361
-1222.6000	228.0326
-1193.6000	228.0374
-1163.4000	228.0357
-1134.7000	228.0291
-1105.5000	228.0347
-1076.6000	228.0374
-1046.6000	228.0380
-1018.4000	228.0328
-989.0000	228.0217
-960.4000	228.0464
-931.7000	228.0480
-904.6000	228.0546
-875.8000	228.0518
-848.4000	228.0521
-819.6000	228.0528
-793.3000	228.0500
-764.7000	228.0434
-738.3000	228.0410
-710.1000	228.0425
-682.9000	228.0428
-654.2000	228.0685
-627.7000	228.0638
-597.7000	228.0667
-571.0000	228.0692
-541.3000	228.0683
-514.4000	228.0663
-485.2000	228.0648
-457.0000	228.0694
-425.5000	228.0704
-394.2000	228.0722
-366.4000	228.0704
-335.0000	228.0661
-305.9000	228.0673
-280.0000	228.0720
-251.8000	228.0626
-227.5000	228.0642
-201.7000	228.0694
-160.7800	228.0589
-146.5300	228.0517
-130.8300	228.0488
-125.3900	228.0465
-125.8600	227.9398
-90.5900	227.9599
-69.2100	227.9846
-47.5500	227.9902
-24.1600	227.9968
13.7120	227.9923
28.1200	228.0076
67.7800	228.0089
83.4800	228.0087
115.2200	228.0160
146.5100	228.0378
176.2500	228.0435
201.8900	228.0439
229.7500	228.0378
256.1200	228.0388
285.9500	228.0598
326.6000	228.0595
342.6000	228.1072
370.8000	228.1171
396.9000	228.1254
422.2000	228.1326
449.7000	228.1355
475.4000	228.1470
503.7000	228.1550
531.0000	228.2265
559.6000	228.2332
586.8000	228.2444
615.3000	228.2267
642.9000	228.2203
671.5000	228.2258
697.8000	228.2875
726.5000	228.2868
755.3000	228.3142
785.1000	228.3193
813.0000	228.3262
841.4000	228.3217
869.2000	228.3247
898.8000	228.3222
928.2000	228.3295
958.3000	228.3292
985.6000	228.3258
1013.2000	228.3325
1041.1000	228.3317
1068.4000	228.3313
1094.9000	228.3169
1121.2000	228.3140
1148.0000	228.3170
1175.4000	228.3184
1201.8000	228.2696
1229.7000	228.3150
1257.6000	228.2607
1283.1000	228.3619
1309.6000	228.3570
1335.7000	228.3646
1362.0000	228.4089
1390.1000	228.4128
1418.4000	228.3978
1445.6000	228.4078
1474.7000	228.3930
1502.2000	228.3932
1529.9000	228.5805
1556.0000	228.5844
1584.2000	228.6019
1612.4000	228.6602
1641.6000	228.6602
1668.3000	228.6610
1696.1000	228.6587
1723.6000	228.6486
1752.5000	228.6530
1779.3000	228.6519
1806.6000	228.6429
1833.9000	228.6628
1862.5000	228.6624
1890.3000	228.6423
1918.4000	228.6593
1945.3000	228.6701
1974.3000	228.6316
2001.3000	228.6287
2029.0000	228.6379
2056.1000	228.6388
2085.2000	228.6326
2113.0000	228.6361
2141.0000	228.6476
2167.3000	228.6388
2196.3000	228.6392
2223.6000	228.6476
2252.7000	228.6451
2280.5000	228.6423
2308.9000	228.6441
2335.5000	228.6231
2362.9000	228.6384
2388.7000	228.7394
2417.5000	228.8816
2445.2000	228.8787
2472.2000	228.9104
2497.1000	228.9564
2524.1000	228.9401
2550.6000	228.9383
2578.0000	228.9558
2602.3000	228.9532
2627.8000	228.9514
2651.0000	228.9529
2677.4000	228.9494
2704.3000	228.9501
2732.1000	228.9500
2760.4000	228.9398
2789.7000	228.9391
2816.8000	228.9323
2843.6000	228.9359
2867.4000	228.9289
2894.4000	228.9308
2920.7000	228.9294
2947.1000	228.9263
2973.2000	228.9224
3000.4000	228.9222
3054.0000	228.9129
3049.0000	228.9330
3073.0000	228.9290
3099.0000	228.9234
3125.0000	228.9205
3152.0000	228.9240
3178.0000	228.9226
3205.0000	228.9318
3231.0000	228.9337
3257.0000	228.9215
3282.0000	228.9150
3308.0000	228.9259
3333.0000	228.9261
3358.0000	228.9156
3382.0000	228.9267
3407.0000	228.9384
3432.0000	228.9560
3458.0000	228.8987
3482.0000	228.9032
3507.0000	228.8964
3534.0000	228.8987
3562.0000	228.9043
3584.0000	228.9255
3605.0000	228.8715
3626.0000	228.8882
3649.0000	228.8670
3673.0000	228.8627
3698.0000	228.9001
3721.0000	228.8919
3747.0000	228.8991
3773.0000	228.8724
3798.0000	228.8697
3821.0000	228.8686
3847.0000	228.8812
3870.0000	228.8886
3895.0000	228.8849
3921.0000	228.8870
3946.0000	228.8886
3970.0000	228.8847
3993.0000	228.8923
4017.0000	228.8940
4040.0000	228.8925
4063.0000	228.8987
4086.0000	228.9034
4110.0000	228.8682
4134.0000	228.8728
4160.0000	228.8810
4183.0000	228.8651
4202.0000	228.8643
4213.0000	228.8567
4214.0000	228.8686
4214.0000	228.8598
4213.0000	228.8575
4213.0000	228.8686
4212.0000	228.8573
4212.0000	228.8660
4212.0000	228.8643
4212.0000	228.8616
4212.0000	228.8612
4211.0000	228.8592
4211.0000	228.8975
4211.0000	228.9008
4210.0000	228.9016
4210.0000	228.8896
4210.0000	228.8719
4210.0000	228.9028
4209.0000	228.9074
4209.0000	228.9115
4209.0000	228.8964
4208.0000	228.8983
4208.0000	228.9020
4208.0000	228.8901
4208.0000	228.8991
4207.0000	228.8808
4207.0000	228.8773
4207.0000	228.8725
4207.0000	228.8748
4207.0000	228.9020
4207.0000	228.9063
4206.0000	228.8929
4206.0000	228.9041
4206.0000	228.9308
4206.0000	229.0108
4206.0000	228.9878
4205.0000	229.0672
4205.0000	228.9680
4205.0000	228.9312
4205.0000	228.9321
4205.0000	228.9316
4205.0000	228.9234
4205.0000	228.9290
4204.0000	228.9275
4204.0000	228.9279
4204.0000	228.9279

