123.1900	234.8556
123.1900	234.8618
123.1900	234.8311
123.5600	234.8504
125.0400	234.8653
126.8600	234.8760
131.9400	234.8686
144.8500	234.8344
161.7800	234.8719
181.7900	234.8782
201.2900	234.8686
223.1600	234.8809
246.1400	234.8430
269.4900	234.8922
292.1500	234.8474
327.5000	234.8609
341.3000	234.8613
366.9000	234.8756
390.9000	234.8747
420.8000	234.8636
448.9000	234.8605
472.1000	234.8585
492.3000	234.8241
517.3000	234.8340
540.0000	234.8453
564.6000	234.8786
588.2000	234.8410
614.3000	234.8393
638.6000	234.8490
665.1000	234.8655
690.0000	234.8712
716.9000	234.8811
742.4000	234.8581
770.0000	234.8533
795.5000	234.8624
823.8000	234.8642
849.9000	234.8640
878.5000	234.8434
904.4000	234.8634
933.1000	234.8603
960.0000	234.8527
989.2000	234.8496
1016.8000	234.8319
1051.8000	234.8204
1080.9000	234.8208
1106.0000	234.8290
1129.4000	234.8459
1154.5000	234.8169
1180.5000	234.8212
1207.8000	234.8103
1235.1000	234.7942
1263.4000	234.8000
1288.8000	234.8080
1316.8000	234.8103
1343.2000	234.8113
1370.3000	234.8154
1396.2000	234.8554
1424.3000	234.8356
1449.8000	234.8607
1477.0000	234.8686
1504.0000	234.8692
1531.3000	234.8350
1557.4000	234.8727
1587.0000	234.8414
1613.4000	234.8762
1641.9000	234.8708
1668.9000	234.8243
1700.1000	234.8461
1727.7000	234.8706
1755.6000	234.8624
1781.7000	234.8531
1809.2000	234.8637
1835.9000	234.8677
1863.8000	234.8517
1889.8000	234.8410
1918.0000	234.8385
1945.7000	234.8066
1973.4000	234.8051
2000.4000	234.8068
2028.0000	234.8177
2055.0000	234.8313
2082.9000	234.8179
2110.4000	234.7837
2139.0000	234.7660
2166.3000	234.7780
2194.0000	234.7627
2222.2000	234.7788
2248.8000	234.7959
2275.0000	234.7588
2303.3000	234.7411
2331.7000	234.7819
2360.7000	234.7671
2387.9000	234.7936
2414.7000	234.7983
2441.1000	234.8200
2467.1000	234.8076
2494.3000	234.8056
2522.4000	234.7895
2549.1000	234.7617
2573.9000	234.7584
2599.6000	234.8051
2626.5000	234.7621
2652.8000	234.7648
2676.5000	234.7697
2702.3000	234.7780
2726.1000	234.7574
2752.2000	234.7944
2778.3000	234.7763
2804.7000	234.7631
2830.3000	234.7376
2856.5000	234.7588
2881.5000	234.7831
2908.3000	234.7794
2934.4000	234.7901
2961.4000	234.7804
2988.3000	234.7819
3024.0000	234.8089
3035.0000	234.7856
3060.0000	234.7821
3085.0000	234.8080
3110.0000	234.7693
3135.0000	234.7675
3161.0000	234.7650
3186.0000	234.7631
3212.0000	234.7314
3237.0000	234.7362
3263.0000	234.7366
3289.0000	234.7059
3314.0000	234.7201
3339.0000	234.7358
3365.0000	234.7181
3391.0000	234.7360
3418.0000	234.7141
3442.0000	234.7275
3467.0000	234.7236
3492.0000	234.7137
3519.0000	234.6973
3543.0000	234.7119
3568.0000	234.7237
3593.0000	234.7456
3618.0000	234.7181
3643.0000	234.7267
3668.0000	234.7143
3689.0000	234.7040
3714.0000	234.7292
3739.0000	234.7228
3764.0000	234.7312
3787.0000	234.7155
3811.0000	234.7421
3833.0000	234.7104
3857.0000	234.6902
3880.0000	234.7415
3904.0000	234.6956
3925.0000	234.7479
3949.0000	234.7073
3974.0000	234.7266
3997.0000	234.7379
4021.0000	234.7458
4044.0000	234.7143
4067.0000	234.6871
4090.0000	234.6964
4113.0000	234.6990
4136.0000	234.6998
4159.0000	234.6882
4182.0000	234.7031
4204.0000	234.7392
4227.0000	234.7253
4251.0000	234.7330
4272.0000	234.7379
4291.0000	234.7366
4305.0000	234.7326
4308.0000	234.7199
4308.0000	234.7364
4308.0000	234.7354
4308.0000	234.7307
4307.0000	234.7272
4307.0000	234.7229
4307.0000	234.7286
4306.0000	234.7096
4306.0000	234.7048
4306.0000	234.6954
4305.0000	234.7292
4302.0000	234.7643
4295.0000	234.7142
4284.0000	234.7243
4271.0000	234.7407
4255.0000	234.7072
4239.0000	234.7004
4222.0000	234.6990
4205.0000	234.7001
4187.0000	234.7126
4170.0000	234.6827
4151.0000	234.6995
4132.0000	234.7025
4114.0000	234.6667
4097.0000	234.6812
4095.0000	234.6640
4093.0000	234.7002
4083.0000	234.6704
4068.0000	234.7116
4051.0000	234.6790
4030.0000	234.6914
4013.0000	234.7342
3994.0000	234.7393
3975.0000	234.6974
3953.0000	234.6969
3933.0000	234.6885
3910.0000	234.6886
3888.0000	234.6977
3864.0000	234.6993
3840.0000	234.7094
3817.0000	234.7355
3796.0000	234.7251
3774.0000	234.7298
3751.0000	234.7393
3727.0000	234.7300
3703.0000	234.7281
3678.0000	234.7067
3655.0000	234.7178
3630.0000	234.6900
3607.0000	234.7143
3580.0000	234.6970
3556.0000	234.7032
3533.0000	234.7158
3510.0000	234.7207
3485.0000	234.7106
3461.0000	234.7249
3437.0000	234.7292
3413.0000	234.7374
3388.0000	234.7423
3364.0000	234.7701
3340.0000	234.6551
3315.0000	234.6138
3290.0000	234.6191
3265.0000	234.6410
3239.0000	234.6335
3213.0000	234.6236
3187.0000	234.6364
3161.0000	234.6156
3134.0000	234.6082
3109.0000	234.6057
3082.0000	234.6315
3055.0000	234.6206
3027.0000	234.6508
3000.0000	234.6342
2973.0000	234.6138
2945.0000	234.5829
2918.0000	234.6545
2891.0000	234.6403
2865.0000	234.6158
2842.0000	234.6484
2818.0000	234.6656
2793.0000	234.6813
2768.0000	234.6702
2742.0000	234.6480
2716.0000	234.6578
2688.0000	234.6543
2662.0000	234.6644
2634.0000	234.6792
2607.0000	234.6412
2579.0000	234.6515
2551.0000	234.6741
2524.0000	234.6700
2496.0000	234.6640
2468.0000	234.6842
2442.0000	234.6866
2413.0000	234.6974
2385.0000	234.6605
2356.0000	234.6729
2329.0000	234.6671
2301.0000	234.6832
2274.0000	234.6547
2246.0000	234.6704
2220.0000	234.6904
2192.0000	234.6852
2166.0000	234.6862
2138.0000	234.6782
2111.0000	234.6807
2083.0000	234.6619
2057.0000	234.6449
2030.0000	234.6529
2003.0000	234.6749
1969.5000	234.6669
1954.4000	234.6716
1925.6000	234.6480
1897.0000	234.6659
1867.5000	234.6500
1840.5000	234.6813
1812.2000	234.6854
1785.0000	234.6967
1755.3000	234.6648
1725.0000	234.6846
1697.0000	234.6805
1668.4000	234.6500
1641.4000	234.6243
1614.7000	234.6084
1589.2000	234.6523
1561.7000	234.6447
1532.9000	234.7089
1506.6000	234.6928
1479.3000	234.6706
1453.5000	234.7025
1423.9000	234.6992
1395.4000	234.7233
1368.9000	234.7128
1341.9000	234.7151
1313.3000	234.7202
1286.0000	234.7048
1258.9000	234.7056
1230.0000	234.7099
1200.2000	234.7204
1170.9000	234.7009
1142.2000	234.6821
1113.5000	234.6515
1084.4000	234.6539
1054.5000	234.7212
1025.2000	234.7398
995.8000	234.7388
967.1000	234.7254
938.5000	234.7184
911.1000	234.6965
882.1000	234.7248
854.9000	234.7589
826.3000	234.7142
799.8000	234.6846
771.5000	234.7237
745.0000	234.7340
717.0000	234.7554
690.2000	234.7459
661.8000	234.7457
634.6000	234.7532
605.5000	234.7389
578.3000	234.7523
547.9000	234.7439
520.9000	234.7449
492.7000	234.7453
464.6000	234.7231
434.1000	234.7239
402.7000	234.7245
377.0000	234.7406
349.6000	234.7379
318.9000	234.7493
290.3000	234.7587
264.0000	234.7365
238.7000	234.7214
209.7000	234.7614
169.3000	234.7445
154.8700	234.7777
139.0500	234.7647
133.0800	234.7764
135.5800	234.7725
132.0800	234.7581
128.4800	234.7446
128.2400	234.7200
132.9100	234.7095
130.2800	234.7315
127.1200	234.7427
128.1600	234.7340
134.2300	234.7000
130.4100	234.6788
126.8800	234.6780
127.9900	234.6906
133.1100	234.6679
129.6000	234.6790
118.2800	234.7833
98.5800	234.7414
88.3000	234.8478
74.3200	234.7245
53.4000	234.7144
30.0900	234.7276
-6.0590	234.7231
-20.5630	234.8731
-59.2600	234.7361
-75.1100	234.7188
-102.7000	234.6766
-130.7300	234.7540
-160.9800	234.8502
-190.4200	234.8439
-218.2800	234.8385
-245.0800	234.8379
-275.4300	234.8375
-301.1100	234.8739
-332.2000	234.8453
-358.3000	234.8432
-385.8000	234.8747
-411.9000	234.8568
-438.7000	234.8502
-465.1000	234.8486
-492.0000	234.8500
-519.7000	234.8626
-547.1000	234.7813
-574.4000	234.8731
-602.2000	234.9007
-629.9000	234.9356
-657.6000	234.9246
-685.5000	234.9113
-713.4000	234.8972
-742.5000	234.9129
-771.1000	234.9545
-798.8000	234.9329
-826.3000	234.9060
-855.3000	234.8799
-884.1000	234.9199
-912.8000	234.9137
-942.5000	234.8871
-971.0000	234.9006
-996.9000	234.8665
-1022.2000	234.8447
-1049.8000	234.8288
-1075.2000	234.9473
-1101.3000	234.9794
-1129.3000	234.9549
-1155.7000	234.9638
-1182.5000	234.9780
-1209.3000	234.9378
-1236.5000	234.9086
-1263.0000	234.8628
-1289.6000	234.8298
-1315.2000	234.8344
-1341.8000	234.8934
-1369.5000	234.8632
-1397.2000	234.8375
-1422.8000	234.8344
-1449.9000	234.8449
-1477.8000	234.8733
-1505.8000	234.8841
-1530.9000	234.8770
-1558.5000	234.8509
-1586.3000	234.8512
-1615.0000	234.8622
-1641.1000	234.8509
-1669.8000	234.8514
-1696.5000	234.8371
-1724.2000	234.8441
-1751.5000	234.8500
-1778.4000	234.8659
-1805.3000	234.8546
-1834.1000	234.8377
-1861.0000	234.8455
-1889.2000	234.8566
-1915.5000	234.8138
-1943.3000	234.7691
-1969.5000	234.8111
-1997.5000	234.8654
-2023.5000	234.8588
-2051.2000	234.8536
-2077.6000	234.8599
-2103.3000	234.8590
-2124.5000	234.8311
-2151.4000	234.8077
-2178.3000	234.7939
-2207.9000	234.8284
-2236.7000	234.8015
-2265.0000	234.8102
-2291.5000	234.8188
-2318.0000	234.8690
-2345.1000	234.8436
-2372.1000	234.8866
-2399.2000	234.8325
-2426.5000	234.8864
-2452.3000	234.9100
-2479.6000	234.9120
-2505.4000	234.7911
-2531.4000	234.8374
-2558.9000	234.8007
-2587.1000	234.8220
-2613.1000	234.8333
-2639.3000	234.8195
-2666.4000	234.8292
-2695.5000	234.8152
-2722.9000	234.8098
-2750.4000	234.7703
-2776.2000	234.7451
-2802.1000	234.7540
-2828.1000	234.7604
-2854.9000	234.7523
-2880.9000	234.7865
-2907.0000	234.7515
-2932.8000	234.7272
-2960.5000	234.7439
-2986.8000	234.7692
-3036.0000	234.7672
-3049.0000	234.7344
-3078.0000	234.7375
-3108.0000	234.7626
-3136.0000	234.6516
-3165.0000	234.6492
-3193.0000	234.6403
-3220.0000	234.6277
-3247.0000	234.6502
-3274.0000	234.7260
-3300.0000	234.6764
-3326.0000	234.6807
-3352.0000	234.6716
-3379.0000	234.6680
-3405.0000	234.6875
-3431.0000	234.8048
-3458.0000	234.8165
-3484.0000	234.8321
-3511.0000	234.7441
-3538.0000	234.7217
-3563.0000	234.8418
-3589.0000	234.8249
-3613.0000	234.8115
-3639.0000	234.8482
-3665.0000	234.8546
-3690.0000	234.8478
-3715.0000	234.8295
-3740.0000	234.8414
-3763.0000	234.8399
-3788.0000	234.8620
-3812.0000	234.8344
-3838.0000	234.8259
-3862.0000	234.8474
-3887.0000	234.8368
-3912.0000	234.8292
-3938.0000	234.8525
-3962.0000	234.8572
-3986.0000	234.8776
-4010.0000	234.8480
-4035.0000	234.8653
-4059.0000	234.8533
-4083.0000	234.8585
-4107.0000	234.8632
-4132.0000	234.8772
-4155.0000	234.8634
-4177.0000	234.8498
-4194.0000	234.8616
-4200.0000	234.7976
-4200.0000	234.8238
-4200.0000	234.8737
-4200.0000	234.7975
-4199.0000	234.7558
-4199.0000	234.8218
-4199.0000	234.8484
-4198.0000	234.8404
-4198.0000	234.8385
-4197.0000	234.8636
-4194.0000	234.8206
-4186.0000	234.7655
-4176.0000	234.7742
-4162.0000	234.7513
-4148.0000	234.7313
-4131.0000	234.7009
-4114.0000	234.7142
-4099.0000	234.7507
-4082.0000	234.7258
-4063.0000	234.7330
-4045.0000	234.7087
-4028.0000	234.7157
-4011.0000	234.7021
-3994.0000	234.7361
-3975.0000	234.7085
-3956.0000	234.7206
-3937.0000	234.7719
-3917.0000	234.7694
-3898.0000	234.7460
-3877.0000	234.7668
-3856.0000	234.7509
-3835.0000	234.7058
-3814.0000	234.7544
-3792.0000	234.7624
-3772.0000	234.7820
-3750.0000	234.7529
-3728.0000	234.7478
-3705.0000	234.7227
-3683.0000	234.7394
-3660.0000	234.7194
-3637.0000	234.7118
-3614.0000	234.6922
-3591.0000	234.7095
-3568.0000	234.6768
-3542.0000	234.6673
-3520.0000	234.6722
-3496.0000	234.7000
-3472.0000	234.7054
-3448.0000	234.7264
-3425.0000	234.7171
-3401.0000	234.6866
-3377.0000	234.6972
-3352.0000	234.6799
-3328.0000	234.7344
-3304.0000	234.7405
-3279.0000	234.7068
-3253.0000	234.7353
-3227.0000	234.7754
-3202.0000	234.7263
-3176.0000	234.7392
-3150.0000	234.7332
-3125.0000	234.6926
-3099.0000	234.6741
-3073.0000	234.6536
-3045.0000	234.6764
-3016.0000	234.6698
-2992.0000	234.6704
-2968.0000	234.7169
-2941.0000	234.7275
-2913.0000	234.7299
-2886.0000	234.7372
-2861.0000	234.7369
-2836.0000	234.7231
-2813.0000	234.7581
-2787.0000	234.7559
-2762.0000	234.7981
-2735.0000	234.8015
-2710.0000	234.7981
-2681.0000	234.7644
-2653.0000	234.7627
-2626.0000	234.7895
-2599.0000	234.7648
-2572.0000	234.7442
-2544.0000	234.7450
-2517.0000	234.7584
-2490.0000	234.7374
-2462.0000	234.7369
-2435.0000	234.5714
-2406.0000	234.5649
-2379.0000	234.5782
-2350.0000	234.5730
-2323.0000	234.5649
-2296.0000	234.5663
-2269.0000	234.5490
-2240.0000	234.5442
-2213.0000	234.5505
-2185.0000	234.5392
-2159.0000	234.5453
-2132.0000	234.5526
-2106.0000	234.5382
-2079.0000	234.5456
-2053.0000	234.5229
-2025.0000	234.5219
-1999.0000	234.5248
-1963.6000	234.5087
-1936.2000	234.5143
-1908.7000	234.4720
-1880.6000	234.5029
-1852.2000	234.4798
-1825.1000	234.4988
-1797.8000	234.4749
-1769.1000	234.5222
-1737.9000	234.5254
-1709.8000	234.5261
-1682.4000	234.5413
-1652.1000	234.5905
-1624.6000	234.5757
-1597.0000	234.5816
-1566.5000	234.5637
-1540.0000	234.5915
-1515.7000	234.5456
-1489.3000	234.5565
-1464.3000	234.5386
-1437.5000	234.5689
-1409.5000	234.5740
-1382.2000	234.5464
-1355.6000	234.5386
-1327.6000	234.5325
-1300.3000	234.5374
-1272.8000	234.5623
-1245.0000	234.5124
-1215.3000	234.5643
-1186.4000	234.5399
-1156.7000	234.5140
-1128.4000	234.5278
-1098.4000	234.5417
-1070.2000	234.5751
-1040.3000	234.5942
-1011.5000	234.5781
-982.3000	234.6140
-954.3000	234.6166
-925.3000	234.6062
-898.5000	234.6062
-869.3000	234.5829
-842.4000	234.6105
-813.7000	234.5981
-787.7000	234.6142
-759.3000	234.6206
-733.4000	234.6222
-704.5000	234.6344
-677.7000	234.6064
-648.3000	234.6078
-621.0000	234.6037
-591.6000	234.5825
-564.9000	234.6302
-535.0000	234.6136
-507.5000	234.6142
-478.2000	234.5989
-450.2000	234.6043
-420.5000	234.6074
-389.9000	234.5823
-356.0000	234.5751
-328.0000	234.5650
-302.9000	234.5944
-276.0000	234.5833
-250.1000	234.5901
-221.4000	234.5841
-180.3000	234.5693
-165.7300	234.5805
-141.7700	234.5568
-128.7200	234.5547
-125.6700	234.5659
-126.7600	234.5385
-123.0800	234.5183
-119.7500	234.5146
-122.4300	234.5362
-125.9900	234.5601
-121.6400	234.5369
-118.4700	234.5566
-121.9900	234.5447
-124.4200	234.5420
-120.2500	234.5572
-117.7100	234.5509
-122.2000	234.5192
-123.6700	234.5404
-119.6600	234.5648
-117.0400	234.5839
-122.2200	234.5571
-123.7500	234.5531
-118.9800	234.5463
-116.2000	234.5836
-121.8500	234.5614
-122.8300	234.5540
-117.8200	234.5965
-98.1300	234.5891
-88.4700	234.5899
-84.1500	234.5482
-81.9900	234.5723
-80.9600	234.5853
-80.4300	234.5815
-80.1000	234.5839
-79.9100	234.5292
-79.7900	234.5397
-79.7100	234.5482
-79.6600	234.5529
-79.6200	234.5416
-79.5900	234.5239
-79.5700	234.5776
-79.5500	234.5724
-79.5300	234.5994
-79.5200	234.5926
-79.5100	234.6138
-79.5000	234.6234
-79.4900	234.6253
-79.4800	234.6358
-79.4800	234.6131
-79.4700	234.5685
-79.4600	234.5998
-79.3600	234.6095
-77.6100	234.6072
-75.4600	234.6282
-68.2000	234.6393
-51.7100	234.5698
-31.2700	234.6195
5.6840	234.6317
19.8260	234.6131
59.0800	234.6111
74.1700	234.6074
104.7900	234.6621
130.7400	234.6453
161.3800	234.6422
188.2500	234.6379
218.9600	234.6311
246.6300	234.6300
277.5300	234.6477
345.9000	234.6185
333.5000	234.6603
359.2000	234.6372
387.6000	234.6029
413.7000	234.5683
441.7000	234.5680
467.4000	234.5615
495.5000	234.5584
522.3000	234.5587
551.3000	234.5862
578.1000	234.5738
606.7000	234.5765
633.8000	234.5664
663.6000	234.5788
690.3000	234.6755
720.2000	234.6830
747.2000	234.6278
777.4000	234.6605
804.3000	234.6171
833.8000	234.5784
861.6000	234.5755
892.1000	234.5678
920.5000	234.6082
950.3000	234.6057
979.5000	234.5707
1009.5000	234.5728
1034.4000	234.5353
1061.0000	234.5699
1087.6000	234.5427
1114.9000	234.5845
1141.3000	234.5767
1169.6000	234.5922
1194.9000	234.6066
1224.6000	234.5979
1250.9000	234.5668
1278.7000	234.5788
1302.8000	234.5637
1331.2000	234.6060
1356.7000	234.5734
1384.7000	234.5769
1412.1000	234.5446
1441.8000	234.5549
1468.7000	234.5363
1497.4000	234.5425
1523.6000	234.5052
1552.0000	234.4965
1579.0000	234.5159
1608.4000	234.5279
1636.8000	234.5175
1665.5000	234.5366
1692.9000	234.5600
1721.0000	234.5553
1747.0000	234.5010
1775.7000	234.5304
1802.7000	234.5152
1830.9000	234.5265
1858.1000	234.5252
1887.5000	234.4965
1915.2000	234.5028
1942.8000	234.5361
1970.0000	234.5328
1998.2000	234.5502
2025.7000	234.5351
2053.8000	234.5327
2081.7000	234.4934
2110.5000	234.5067
2138.2000	234.4810
2165.7000	234.5486
2193.8000	234.4866
2222.6000	234.5462
2250.9000	234.5436
2280.2000	234.5438
2308.2000	234.5404
2335.4000	234.5250
2362.8000	234.5240
2389.2000	234.5469
2416.6000	234.5791
2444.6000	234.5627
2471.1000	234.5670
2497.2000	234.5862
2523.9000	234.5668
2550.0000	234.5650
2576.1000	234.5731
2603.0000	234.5507
2629.6000	234.5431
2655.1000	234.5670
2680.4000	234.5720
2707.8000	234.5789
2735.2000	234.5678
2761.6000	234.5470
2788.6000	234.5688
2815.2000	234.5729
2841.4000	234.5360
2868.2000	234.5083
2895.1000	234.5341
2921.6000	234.5319
2947.9000	234.5579
2973.8000	234.5509
3000.5000	234.5028
3062.0000	234.5472
3048.0000	234.5089
3074.0000	234.5639
3100.0000	234.5581
3125.0000	234.5651
3152.0000	234.5538
3179.0000	234.5887
3204.0000	234.5207
3229.0000	234.5033
3252.0000	234.4755
3276.0000	234.7092
3300.0000	234.7423
3325.0000	234.7142
3352.0000	234.7214
3378.0000	234.7264
3404.0000	234.5020
3430.0000	234.5123
3457.0000	234.5171
3482.0000	234.5278
3509.0000	234.4510
3534.0000	234.5341
3560.0000	234.5638
3586.0000	234.7280
3612.0000	234.7060
3636.0000	234.7754
3662.0000	234.7272
3687.0000	234.7562
3713.0000	234.7451
3736.0000	234.6972
3761.0000	234.7869
3785.0000	234.7867
3809.0000	234.7505
3833.0000	234.7707
3857.0000	234.7622
3879.0000	234.7645
3902.0000	234.7770
3928.0000	234.7764
3953.0000	234.7857
3977.0000	234.7622
4001.0000	234.7556
4025.0000	234.7624
4049.0000	234.7620
4072.0000	234.7861
4096.0000	234.7795
4119.0000	234.7375
4138.0000	234.7155
4149.0000	234.7653
4151.0000	234.7791
4151.0000	234.8030
4151.0000	234.7902
4151.0000	234.7523
4152.0000	234.7684
4151.0000	234.7416
4153.0000	234.7785
4153.0000	234.7385
4155.0000	234.7604
4156.0000	234.7430
4157.0000	234.7254
4157.0000	234.7886
4158.0000	234.7687
4158.0000	234.7457
4153.0000	234.7612
4144.0000	234.7665
4132.0000	234.7820
4118.0000	234.7785
4103.0000	234.7585
4086.0000	234.7581
4068.0000	234.5393
4049.0000	234.5245
4030.0000	234.7443
4011.0000	234.7120
3995.0000	234.7423
3976.0000	234.6923
3956.0000	234.6731
3938.0000	234.6379
3920.0000	234.6767
3903.0000	234.6562
3881.0000	234.6721
3860.0000	234.5248
3839.0000	234.5488
3817.0000	234.5334
3796.0000	234.4720
3774.0000	234.4710
3751.0000	234.5031
3731.0000	234.5544
3708.0000	234.5758
3683.0000	234.7423
3660.0000	234.5285
3641.0000	234.5177
3620.0000	234.5175
3593.0000	234.5389
3568.0000	234.5565
3545.0000	234.5400
3524.0000	234.5134
3502.0000	234.5514
3478.0000	234.5403
3452.0000	234.5945
3428.0000	234.5473
3403.0000	234.5497
3381.0000	234.5524
3358.0000	234.5431
3332.0000	234.5813
3307.0000	234.5937
3280.0000	234.5660
3255.0000	234.7285
3230.0000	234.7372
3204.0000	234.7673
3179.0000	234.6034
3154.0000	234.7738
3127.0000	234.7942
3100.0000	234.7808
3074.0000	234.7750
3048.0000	234.7953
3021.0000	234.7559
2994.0000	234.7977
2965.0000	234.7491
2938.0000	234.7075
2913.0000	234.7401
2887.0000	234.7990
2862.0000	234.6201
2839.0000	234.7393
2815.0000	234.7662
2790.0000	234.7617
2765.0000	234.7399
2740.0000	234.7345
2714.0000	234.7543
2689.0000	234.7685
2662.0000	234.7821
2636.0000	234.7605
2608.0000	234.7430
2581.0000	234.7279
2553.0000	234.7656
2526.0000	234.7465
2499.0000	234.7259
2472.0000	234.7162
2445.0000	234.7551
2418.0000	234.6961
2389.0000	234.7185
2363.0000	234.7158
2335.0000	234.6910
2308.0000	234.7113
2281.0000	234.7111
2254.0000	234.7028
2226.0000	234.6788
2200.0000	234.7023
2172.0000	234.6848
2146.0000	234.7255
2119.0000	234.7434
2093.0000	234.7370
2066.0000	234.7403
2041.0000	234.7211
2013.0000	234.7372
1980.6000	234.7312
1965.0000	234.7194
1938.1000	234.7144
1909.3000	234.7277
1882.6000	234.7257
1854.2000	234.7314
1828.2000	234.7274
1800.7000	234.7082
1774.9000	234.7058
1743.3000	234.6788
1713.3000	234.7132
1687.9000	234.6924
1660.5000	234.7096
1630.7000	234.6937
1603.4000	234.6988
1576.7000	234.6904
1549.7000	234.7072
1524.2000	234.6895
1498.1000	234.7223
1471.0000	234.7393
1445.6000	234.7318
1416.8000	234.7127
1390.5000	234.6891
1362.3000	234.6685
1335.1000	234.6712
1307.1000	234.6762
1279.2000	234.6963
1250.9000	234.7315
1221.9000	234.7310
1193.1000	234.7450
1164.8000	234.7423
1136.4000	234.7383
1108.2000	234.7233
1078.7000	234.7444
1049.8000	234.7572
1021.2000	234.7492
993.0000	234.7210
964.6000	234.7380
937.1000	234.7539
909.0000	234.7802
880.7000	234.7712
853.2000	234.8119
825.6000	234.7975
798.1000	234.7831
770.3000	234.7550
743.0000	234.7346
715.2000	234.7528
687.8000	234.7579
659.7000	234.7435
632.4000	234.7716
604.6000	234.7464
576.9000	234.7631
546.9000	234.7725
519.5000	234.7668
491.3000	234.7706
463.8000	234.7773
433.4000	234.7637
401.6000	234.7763
375.1000	234.7979
347.8000	234.7608
316.8000	234.7678
287.9000	234.7643
261.5000	234.7683
235.9000	234.7990
206.7000	234.7983
169.4600	234.7786
152.7100	234.7755
134.7400	234.8089
127.1500	234.7847
129.9800	234.8041
126.8800	234.8303
122.7400	234.8103
121.3700	234.8010
128.6200	234.7948
125.5800	234.7758
121.3800	234.8362
120.5000	234.8146
127.5600	234.8401
124.8400	234.7389
120.8300	234.8202

