-3695.0000	2.6732
-3667.0000	2.7469
-3637.0000	2.7366
-3608.0000	2.7880
-3578.0000	2.7247
-3548.0000	2.6697
-3515.0000	2.6793
-3484.0000	2.7294
-3451.0000	2.6709
-3420.0000	2.7505
-3386.0000	2.6970
-3353.0000	2.6217
-3319.0000	2.7049
-3285.0000	2.7224
-3251.0000	2.7578
-3216.0000	2.7819
-3180.0000	2.7477
-3145.0000	2.7035
-3107.0000	2.7355
-3071.0000	2.7713
-3032.0000	2.7320
-2992.0000	2.7347
-2957.0000	2.7564
-2916.0000	2.7325
-2882.0000	2.7944
-2845.0000	2.7569
-2810.0000	2.8213
-2773.0000	2.7180
-2738.0000	2.6254
-2702.0000	2.8007
-2659.0000	2.7197
-2619.0000	2.7197
-2580.0000	2.7913
-2540.0000	2.7652
-2501.0000	2.7540
-2461.0000	2.8335
-2422.0000	2.7362
-2381.0000	2.8143
-2341.0000	2.8049
-2301.0000	2.7966
-2262.0000	2.7770
-2223.0000	2.8318
-2183.0000	2.7526
-2145.0000	2.7890
-2106.0000	2.8310
-2066.0000	2.7447
-2026.0000	2.8331
-1969.5000	2.8187
-1942.4000	2.8372
-1901.4000	2.7771
-1859.8000	2.7973
-1819.6000	2.8160
-1776.1000	2.8283
-1733.4000	2.8138
-1696.0000	2.8401
-1651.7000	2.8454
-1610.5000	2.8411
-1569.7000	2.8312
-1534.9000	2.8537
-1498.1000	2.8502
-1459.6000	2.9045
-1417.8000	2.8570
-1377.8000	2.8852
-1334.4000	2.9220
-1293.0000	2.9393
-1254.4000	2.9008
-1213.0000	2.9080
-1171.1000	2.8901
-1129.1000	2.8780
-1086.9000	2.9209
-1044.3000	2.9194
-1001.7000	2.9209
-957.9000	2.9341
-918.6000	2.9466
-876.7000	2.9769
-836.5000	2.9371
-795.4000	2.9440
-754.8000	2.9493
-715.9000	3.0446
-675.7000	2.9633
-634.8000	2.9820
-592.8000	2.9879
-550.6000	3.0261
-510.2000	3.0107
-466.8000	3.0166
-419.9000	3.0494
-377.9000	3.0018
-332.3000	3.0265
-289.6000	3.1352
-250.4000	3.0393
-213.8000	3.0949
-161.0800	3.1073
-137.0100	3.1084
-123.1800	3.1604
-126.3600	3.0991
-119.0000	3.1046
-119.9400	3.1142
-120.9700	3.1194
-115.8900	3.1077
-123.2900	3.1397
-119.3600	3.0804
-136.9800	3.1613
-163.3500	3.1037
-192.8500	3.0951
-225.3200	3.1040
-259.9300	3.0830
-294.2200	3.0170
-332.2000	3.0617
-368.8000	3.0160
-405.5000	3.0335
-442.6000	3.0016
-480.5000	3.0150
-515.1000	3.0076
-549.2000	2.9635
-583.8000	2.9833
-621.1000	3.0020
-659.9000	2.9956
-698.1000	2.9728
-736.1000	2.9493
-775.3000	2.9384
-814.1000	2.9643
-854.2000	2.9199
1155.1000	3.5259
1201.0000	3.5379
1242.9000	3.5739
1283.4000	3.5687
1323.0000	3.5494
1362.4000	3.5418
1402.3000	3.5724
1442.2000	3.6027
1482.7000	3.5578
1523.3000	3.5599
1565.9000	3.5792
1606.6000	3.5714
1648.7000	3.6069
1687.8000	3.5382
1728.1000	3.6254
1768.6000	3.6911
1808.1000	3.6160
1848.8000	3.6193
1890.6000	3.6047
1932.2000	3.5286
1971.9000	3.6537
2011.4000	3.6535
2054.2000	3.6138
2095.3000	3.5825
2134.6000	3.6588
2174.4000	3.6913
2216.5000	3.6357
2256.8000	3.6085
2297.5000	3.6058
2339.0000	3.6545
2380.1000	3.6666
2421.4000	3.6928
2459.7000	3.6204
2498.7000	3.6603
2535.2000	3.6483
2571.9000	3.6249
2608.8000	3.6786
2648.7000	3.6876
2689.8000	3.6070
2728.4000	3.7000
2766.2000	3.6427
2805.1000	3.7051
2844.7000	3.6311
2884.4000	3.6225
2923.9000	3.7020
2963.6000	3.6661
3000.6000	3.6402
3038.0000	3.5965
3075.0000	3.6917
3113.0000	3.6548
3154.0000	3.6986
3193.0000	3.6737
3232.0000	3.7121
3270.0000	3.6830
3308.0000	3.6834
3346.0000	3.6328
3383.0000	3.6684
3421.0000	3.7144
3459.0000	3.7422
3496.0000	3.6509
3535.0000	3.6995
3573.0000	3.6521
3612.0000	3.7358
3648.0000	3.6968
3683.0000	3.7468
3720.0000	3.6716
3756.0000	3.7049
3793.0000	3.7475
3827.0000	3.7313
3863.0000	3.7226
3898.0000	3.7226
3934.0000	3.7358
3969.0000	3.7634
4003.0000	3.7072
4038.0000	3.7088
4072.0000	3.7309
4107.0000	3.7572
4142.0000	3.7591
4176.0000	3.7165
4211.0000	3.6986
4246.0000	3.7391
4279.0000	3.7391
4313.0000	3.7228
4348.0000	3.7327
4382.0000	3.7300
4416.0000	3.7566
4448.0000	3.7583
4482.0000	3.7412
4515.0000	3.7418
4546.0000	3.7731
4576.0000	3.7461
4599.0000	3.7653
4632.0000	3.7478
4664.0000	3.7099
4696.0000	3.7667
4728.0000	3.7700
4746.0000	3.7206
4745.0000	3.7292
4732.0000	3.7401
4713.0000	3.7327
4692.0000	3.7428
4671.0000	3.7432
4648.0000	3.7447
4621.0000	3.7515
4595.0000	3.7408
4569.0000	3.7362
4544.0000	3.7193
4519.0000	3.7420
4493.0000	3.7294
4465.0000	3.7165
4438.0000	3.7449
4411.0000	3.7896
4383.0000	3.7443
4353.0000	3.7296
4323.0000	3.7422
4293.0000	3.7397
4263.0000	3.7484
4232.0000	3.7352
4198.0000	3.6987
4169.0000	3.7467
4136.0000	3.7251
4107.0000	3.7478
4076.0000	3.7060
4040.0000	3.7467
4004.0000	3.7152
3973.0000	3.7237
3941.0000	3.6870
3907.0000	3.7638
3872.0000	3.7080
3836.0000	3.7564
3801.0000	3.7128
3766.0000	3.7457
3729.0000	3.7336
3694.0000	3.7502
3658.0000	3.6895
3622.0000	3.7364
3585.0000	3.6576
3547.0000	3.7064
3510.0000	3.6992
3474.0000	3.6827
3438.0000	3.7546
3401.0000	3.6895
3363.0000	3.6794
3326.0000	3.6971
3288.0000	3.6637
3250.0000	3.6965
3212.0000	3.6468
3174.0000	3.6998
3134.0000	3.6357
3094.0000	3.6560
3052.0000	3.6134
3014.0000	3.7000
2976.0000	3.6227
2936.0000	3.6665
2897.0000	3.6171
2857.0000	3.6344
2819.0000	3.6330
2783.0000	3.6375
2748.0000	3.6402
2711.0000	3.6542
2671.0000	3.6651
2630.0000	3.6029
2591.0000	3.6284
2550.0000	3.5872
2510.0000	3.6616
2469.0000	3.6118
2429.0000	3.6700
2387.0000	3.6130
2346.0000	3.6498
2305.0000	3.6385
2265.0000	3.6594
2225.0000	3.6200
2186.0000	3.5835
2146.0000	3.5829
2107.0000	3.5807
2067.0000	3.6227
2027.0000	3.5939
1981.4000	3.6444
1954.3000	3.5422
1913.3000	3.5716
1871.3000	3.5852
1830.9000	3.5796
1785.9000	3.5692
1746.0000	3.5607
1700.2000	3.5949
1661.8000	3.5253
1620.7000	3.5607
1579.7000	3.5255
1542.4000	3.6286
1503.8000	3.5181
1465.9000	3.5473
1424.5000	3.4928
1385.0000	3.5988
1343.4000	3.4853
1300.9000	3.5164
1261.5000	3.5026
1219.6000	3.5131
1177.5000	3.4564
1135.0000	3.5448
1092.9000	3.4564
1050.7000	3.5000
1007.9000	3.5041
965.4000	3.4827
924.8000	3.4893
883.4000	3.4336
843.2000	3.4716
801.8000	3.4161
761.5000	3.4381
722.3000	3.5008
682.8000	3.4374
641.5000	3.4125
600.3000	3.4956
559.1000	3.3146
516.4000	3.4306
475.8000	3.3294
433.5000	3.3411
389.1000	3.3366
347.3000	3.3168
305.0000	3.3763
265.1000	3.3003
226.9000	3.2352
176.1900	3.3203
147.8500	3.3465
130.9700	3.2998
134.4700	3.3352
127.7000	3.3092
126.0500	3.3146
129.9200	3.2928
124.2200	3.3201
128.6700	3.3092
127.5600	3.2998
122.9800	3.2641

