4388.0000	3.6252
4361.0000	3.5994
4336.0000	3.6167
4308.0000	3.6001
4281.0000	3.6063
4254.0000	3.6736
4227.0000	3.6427
4199.0000	3.6147
4169.0000	3.6566
4137.0000	3.6332
4106.0000	3.6173
4077.0000	3.5741
4049.0000	3.5714
4019.0000	3.5584
3988.0000	3.6115
3955.0000	3.5914
3924.0000	3.6183
3891.0000	3.5867
3856.0000	3.6686
3823.0000	3.5914
3786.0000	3.6339
3752.0000	3.5972
3718.0000	3.5598
3679.0000	3.5968
3642.0000	3.5743
3609.0000	3.5821
3576.0000	3.5893
3540.0000	3.5990
3504.0000	3.5961
3467.0000	3.4918
3431.0000	3.5413
3394.0000	3.5751
3358.0000	3.6364
3320.0000	3.5794
3282.0000	3.6773
3243.0000	3.6408
3204.0000	3.5759
3165.0000	3.6294
3126.0000	3.5906
3086.0000	3.5166
3044.0000	3.5479
3004.0000	3.5932
2967.0000	3.5446
2927.0000	3.5298
2893.0000	3.5484
2852.0000	3.5440
2814.0000	3.5684
2777.0000	3.5694
2739.0000	3.4581
2700.0000	3.4987
2661.0000	3.4973
2620.0000	3.5725
2580.0000	3.5530
2539.0000	3.5009
2498.0000	3.5516
2457.0000	3.5346
2419.0000	3.5183
2381.0000	3.5362
2341.0000	3.4851
2301.0000	3.5035
2261.0000	3.4728
2222.0000	3.4994
2182.0000	3.4932
2143.0000	3.5438
2104.0000	3.5035
1791.2000	3.4310
1491.4000	3.4528
1263.5000	3.3922
1143.3000	3.3165
917.9000	3.3419
818.9000	3.3440
760.2000	3.3312
714.7000	3.3417
672.6000	3.3281
631.7000	3.3047
586.8000	3.2414
545.1000	3.2484
502.3000	3.2103
457.4000	3.2793
413.9000	3.2259
375.4000	3.2320
330.6000	3.2358
292.2000	3.2053
253.4000	3.2136
211.1000	3.1308
170.6300	3.2144
140.1600	3.1657
132.7000	3.3685
111.1300	3.2307
93.7300	3.2179
89.6400	3.0278
84.8000	3.1635
79.6700	3.0974
54.4500	3.1534
19.8100	3.1259
-16.3900	3.0717
-67.5100	3.0714
-96.4800	3.1286
-137.9600	3.1400
-180.3500	3.1349
-222.6300	3.1994
-262.4400	3.0805
-300.7700	3.0638
-344.5000	3.0442
-383.9000	3.0914
-422.9000	2.9476
-461.4000	3.0722
-500.7000	3.0185
-542.2000	3.0196
-583.6000	2.9582
-623.3000	2.9991
-662.9000	3.0490
-705.5000	2.9450
-748.0000	2.9836
-787.8000	3.0333
-959.1000	2.9432
-1088.0000	2.8586
-1315.7000	2.9726
-1429.6000	2.8238
-1495.5000	2.8369
-1665.3000	2.7266
-1784.7000	2.8193
-1853.9000	2.7966
-1905.9000	2.7748
-1951.2000	2.7853
-1998.7000	2.7759
-2045.0000	2.8156
-2087.2000	2.7846
-2128.2000	2.7755
-2169.5000	2.8401
-2209.4000	2.7782
-2251.2000	2.8489
-2292.0000	2.7253
-2332.1000	2.7847
-2373.0000	2.7725
-2414.8000	2.7119
-2453.5000	2.7556
-2492.2000	2.7850
-2529.8000	2.7353
-2568.5000	2.7618
-2607.4000	2.7111
-2646.5000	2.7830
-2687.0000	2.7706
-2725.3000	2.7670
-2763.8000	2.7412
-2803.6000	2.8475
-2843.7000	2.7632
-2883.3000	2.6728
-2922.8000	2.7764
-2961.3000	2.7220
-3000.3000	2.7649
-3047.0000	2.6835
-3083.0000	2.7763
-3121.0000	2.7398
-3155.0000	2.6908
-3185.0000	2.7262
-3221.0000	2.7199
-3256.0000	2.6551
-3296.0000	2.6059
-3332.0000	2.7010
-3368.0000	2.7160
-3423.0000	2.7485
-3472.0000	2.6728
-3513.0000	2.7639
-3552.0000	2.7195
-3591.0000	2.7094
-3631.0000	2.6561
-3667.0000	2.6860
-3702.0000	2.7148
-3739.0000	2.7253

