465.5000	-3.2943
503.2000	-3.2780
540.3000	-3.2937
577.9000	-3.3131
616.5000	-3.3127
656.8000	-3.3265
694.8000	-3.3464
734.3000	-3.3435
775.0000	-3.3394
815.9000	-3.3524
857.5000	-3.3557
898.3000	-3.3749
940.5000	-3.3785
982.5000	-3.3748
1025.8000	-3.3934
1068.3000	-3.3998
1119.0000	-3.4023
1155.7000	-3.3946
1196.2000	-3.3955
1229.3000	-3.4105
1267.1000	-3.4218
1307.4000	-3.4183
1346.8000	-3.4259
1385.9000	-3.4253
1430.2000	-3.4724
1470.0000	-3.4372
1511.0000	-3.4362
1551.2000	-3.4494
1594.4000	-3.4591
1636.7000	-3.4822
1679.1000	-3.4585
1721.6000	-3.4676
1763.9000	-3.4718
1805.7000	-3.4952
1846.3000	-3.4816
1887.1000	-3.4975
1928.9000	-3.4895
1971.0000	-3.4957
2012.0000	-3.4899
2053.1000	-3.5065
2094.3000	-3.5029
2136.9000	-3.5549
2180.4000	-3.5331
2222.2000	-3.5047
2264.0000	-3.5070
2306.3000	-3.5274
2347.4000	-3.5409
2388.8000	-3.5236
2428.6000	-3.5389
2466.3000	-3.5385
2509.1000	-3.5518
2550.6000	-3.5346
2585.3000	-3.5162
2621.9000	-3.5388
2660.5000	-3.5516
2698.9000	-3.5716
2737.2000	-3.5529
2777.6000	-3.5465
2817.9000	-3.5446
2858.8000	-3.5523
2896.7000	-3.5675
2936.2000	-3.5417
2976.5000	-3.5471
3028.0000	-3.5576
3051.0000	-3.5634
3088.0000	-3.5659
3127.0000	-3.5737
3166.0000	-3.5426
3206.0000	-3.6038
3244.0000	-3.5778
3282.0000	-3.5654
3321.0000	-3.5659
3359.0000	-3.5632
3398.0000	-3.5937
3437.0000	-3.6008
3475.0000	-3.5642
3513.0000	-3.6008
3551.0000	-3.5917
3587.0000	-3.5970
3624.0000	-3.5976
3660.0000	-3.5891
3698.0000	-3.5883
3734.0000	-3.5986
3768.0000	-3.6046
3804.0000	-3.6095
3838.0000	-3.6017
3873.0000	-3.6155
3910.0000	-3.5947
3945.0000	-3.5920
3981.0000	-3.6149
4016.0000	-3.6179
4051.0000	-3.6170
4087.0000	-3.6046
4122.0000	-3.6141
4156.0000	-3.6051
4190.0000	-3.6163
4224.0000	-3.6128
4257.0000	-3.6218
4290.0000	-3.6229
4323.0000	-3.6086
4358.0000	-3.6213
4392.0000	-3.6141
4425.0000	-3.6400
4459.0000	-3.6442
4492.0000	-3.6141
4526.0000	-3.6366
4559.0000	-3.6264
4594.0000	-3.6200
4631.0000	-3.6700
4631.0000	-3.6421
4631.0000	-3.6431
4629.0000	-3.6522
4629.0000	-3.6186
4628.0000	-3.6878
4629.0000	-3.6211
4629.0000	-3.6494
4628.0000	-3.7193
4628.0000	-3.6233
4627.0000	-3.6432
4626.0000	-3.6451
4626.0000	-3.7842
4625.0000	-3.6552
4625.0000	-3.6481
4625.0000	-3.6399
4624.0000	-3.6646
4624.0000	-3.7237
4623.0000	-3.6391
4623.0000	-3.6454
4623.0000	-3.6255
4624.0000	-3.6603
4623.0000	-3.6909
4623.0000	-3.7018
4624.0000	-3.6325
4623.0000	-3.6124
4622.0000	-3.6635
4622.0000	-3.7256
4622.0000	-3.6393
4622.0000	-3.6637
4622.0000	-3.7649
4621.0000	-3.6528
4621.0000	-3.6520
4621.0000	-3.7020
4616.0000	-3.6824
4602.0000	-3.6858
4582.0000	-3.6664
4559.0000	-3.6642
4534.0000	-3.7348
4509.0000	-3.6502
4483.0000	-3.6707
4457.0000	-3.6681
4430.0000	-3.6455
4402.0000	-3.6167
4374.0000	-3.7366
4344.0000	-3.6802
4314.0000	-3.7342
4284.0000	-3.6883
4253.0000	-3.7505
4223.0000	-3.7305
4190.0000	-3.8533
4157.0000	-3.6559
4124.0000	-3.6815
4094.0000	-3.6677
4064.0000	-3.6543
4030.0000	-3.6527
3996.0000	-3.6815
3962.0000	-3.6730
3928.0000	-3.7342
3892.0000	-3.8829
3855.0000	-3.6831
3819.0000	-3.7828
3782.0000	-3.7253
3745.0000	-3.6403
3708.0000	-3.6158
3672.0000	-3.6731
3635.0000	-3.6411
3597.0000	-3.8345
3559.0000	-3.6946
3522.0000	-3.6446
3485.0000	-3.9455
3448.0000	-3.8765
3410.0000	-3.6756
3372.0000	-4.2636
3334.0000	-3.7389
3296.0000	-3.6965
3256.0000	-4.0366
3215.0000	-3.7633
3175.0000	-3.8201
3135.0000	-4.1258
3095.0000	-4.0751
3053.0000	-4.0352
3012.0000	-4.1700
2970.0000	-4.0793
2932.0000	-4.0081
2894.0000	-4.2760
2855.0000	-4.4256
2815.0000	-3.9436
2777.0000	-3.9284
2743.0000	-4.3955
2699.0000	-5.7884
2656.0000	-3.9337
2615.0000	-4.9435
2572.0000	-4.7285
2530.0000	-4.6856
2488.0000	-4.1009
2445.0000	-4.1578
2402.0000	-5.5919
2360.0000	-4.9194
2319.0000	-5.0539
2277.0000	-5.0730
2236.0000	-4.5156
2196.0000	-4.6262
2155.0000	-4.5879
2115.0000	-5.0968
2074.0000	-5.1013
2033.0000	46.0834
1984.2000	-3.5422
1955.1000	-3.1046
1912.8000	-2.8929
1870.0000	-3.4358
1827.2000	-4.5492
1785.0000	-3.4973
1743.6000	-3.9037
1696.9000	-3.9565
1651.1000	-3.6362
1607.0000	-3.9576
1570.3000	-3.6866
1530.5000	7.2656
1490.5000	-2.0224
1449.2000	-2.5424
1408.8000	-3.3561
1371.4000	-3.2247
1327.1000	-3.2007
1286.5000	-2.7333
1247.4000	-3.1887
1198.0000	-3.4041
1149.9000	-3.1864
1105.5000	-3.3129
1061.4000	-2.8463
1018.1000	-3.0856
974.7000	-2.9284
931.7000	-3.1293
889.7000	-3.5673
848.4000	-3.3174
807.0000	-2.8230
765.6000	-4.1453
724.3000	-3.4146
682.1000	-3.1193
640.0000	-4.4363
596.3000	-2.4631
552.2000	-2.9670
509.3000	-3.6626
466.3000	-3.2367
421.2000	-3.3720
379.5000	-3.1448
335.9000	-3.0770
290.8000	-3.3461
250.6000	-3.3344
209.6000	-3.1821
167.3800	-3.1037
139.2100	-3.2706
136.1500	-3.4159
132.1300	-3.2940
126.6700	-3.0889
54.7500	-3.2103
18.8400	-3.2010
-21.7560	-3.1339
-62.1100	-3.0802
-103.8200	-3.1774
-146.7700	-3.2952
-190.3400	-3.0883
-233.5800	-3.0641
-277.0700	-3.0295
-331.5000	-3.0285
-360.1000	-3.0469
-401.0000	-3.1730
-441.6000	-3.0912
-482.9000	-3.0074
-524.5000	-2.9376
-565.0000	-3.0907
-606.8000	-2.9428
-649.4000	-2.9585
-691.7000	-2.9387
-735.1000	-2.9800
-777.6000	-2.9419
-820.0000	-2.9176
-862.9000	-2.9400
-910.2000	-2.9111
-961.4000	-2.9674
-996.4000	-2.9373
-1035.1000	-2.8864
-1072.6000	-2.9128
-1110.4000	-2.9060
-1150.1000	-2.9095
-1190.8000	-2.9407
-1229.5000	-2.9364
-1268.3000	-2.8498
-1310.1000	-2.8572
-1350.1000	-3.1080
-1391.4000	-2.8942
-1431.4000	-2.8701
-1474.5000	-2.8584
-1516.9000	-2.8269
-1559.4000	-2.8038
-1602.1000	-2.8467
-1643.3000	-2.8533
-1684.0000	-2.8440
-1725.0000	-2.8277
-1766.0000	-2.7911
-1808.3000	-2.8349
-1851.5000	-2.7800
-1892.8000	-2.8063
-1932.3000	-2.7900
-1975.1000	-2.8044
-2017.5000	-2.7919
-2060.1000	-2.7858
-2101.0000	-2.8034
-2142.4000	-2.7908
-2185.3000	-2.7859
-2227.2000	-2.7884
-2270.5000	-2.7789
-2315.1000	-2.7528
-2353.3000	-2.7715
-2395.5000	-2.7443
-2434.1000	-2.7888
-2476.2000	-2.7705
-2512.4000	-2.7678
-2550.4000	-2.7577
-2589.7000	-2.7524
-2629.1000	-2.7526
-2670.0000	-2.7629
-2711.3000	-2.7670
-2751.5000	-2.7592
-2794.0000	-2.7237
-2836.0000	-2.7495
-2877.4000	-2.7588
-2919.7000	-2.7165
-2958.9000	-2.7397
-2999.3000	-2.7365
-3047.0000	-2.7391
-3086.0000	-2.7406
-3129.0000	-2.7302
-3170.0000	-2.7406
-3209.0000	-2.7147
-3250.0000	-2.7206
-3287.0000	-2.7134
-3326.0000	-2.7190
-3365.0000	-2.7132
-3405.0000	-2.7174
-3445.0000	-2.7038
-3485.0000	-2.7142
-3524.0000	-2.7087
-3561.0000	-2.7159
-3603.0000	-2.6973
-3641.0000	-2.7005
-3680.0000	-2.7143
-3715.0000	-2.7134
-3750.0000	-2.6856
-3786.0000	-2.6960
-3824.0000	-2.7266
-3863.0000	-2.6738
-3899.0000	-2.6764
-3937.0000	-2.6923
-3974.0000	-2.7135
-4011.0000	-2.6987
-4049.0000	-2.7168
-4086.0000	-2.7191
-4124.0000	-2.6613
-4161.0000	-2.6802
-4198.0000	-2.6893
-4235.0000	-2.6782
-4271.0000	-2.7043
-4306.0000	-2.6534
-4343.0000	-2.6557
-4379.0000	-2.6852
-4414.0000	-2.6421
-4450.0000	-2.6388
-4485.0000	-2.7053
-4521.0000	-2.6715
-4556.0000	-2.5939
-4588.0000	-2.6549
-4621.0000	-2.6868
-4637.0000	-2.6798
-4641.0000	-2.7692
-4618.0000	-2.7027
-4613.0000	-2.6589
-4603.0000	-2.7068
-4587.0000	-2.6668
-4566.0000	-2.6833
-4542.0000	-2.6777
-4518.0000	-2.6806
-4493.0000	-2.6961
-4467.0000	-2.6639
-4441.0000	-2.6981
-4414.0000	-2.6594
-4387.0000	-2.6110
-4358.0000	-2.6793
-4328.0000	-2.6637
-4298.0000	-2.5729
-4269.0000	-2.6869
-4239.0000	-2.4983
-4207.0000	-2.6763
-4176.0000	-2.5532
-4145.0000	-2.6806
-4117.0000	-2.5898
-4085.0000	-2.6911
-4050.0000	-2.6837
-4016.0000	-2.7104
-3984.0000	-2.7742
-3950.0000	-2.6872
-3915.0000	-2.7553
-3879.0000	-2.6893
-3843.0000	-2.7745
-3807.0000	-2.6619
-3769.0000	-2.6827
-3733.0000	-2.4442
-3697.0000	-2.6582
-3660.0000	-2.7539
-3623.0000	-2.6246
-3585.0000	-2.5820
-3547.0000	-2.7068
-3511.0000	-2.7149
-3474.0000	-2.7332
-3436.0000	-2.7196
-3398.0000	-2.6923
-3360.0000	-2.7489
-3322.0000	-2.7175
-3282.0000	-2.7319
-3241.0000	-2.6839
-3201.0000	-2.7592
-3161.0000	-2.6574
-3120.0000	-2.7566
-3079.0000	-2.4198
-3036.0000	-2.6701
-2997.0000	-2.6837
-2959.0000	-2.7909
-2920.0000	-2.7090
-2880.0000	-2.6960
-2840.0000	-2.7338
-2801.0000	-2.7598
-2761.0000	-2.7942
-2721.0000	-2.7398
-2678.0000	-2.6812
-2640.0000	-2.7602
-2596.0000	-2.7685
-2553.0000	-2.7474
-2511.0000	-2.4462
-2469.0000	-2.7722
-2426.0000	-2.7641
-2385.0000	-2.8456
-2343.0000	-2.8205
-2302.0000	-2.6180
-2260.0000	-2.8041
-2219.0000	-2.6219
-2179.0000	-2.8345
-2139.0000	-2.7599
-2098.0000	-2.8283
-2057.0000	-2.7847
-2014.0000	-2.7830
-1953.4000	-2.8209
-1924.1000	-2.7793
-1879.8000	-2.8183
-1836.5000	-2.7503
-1794.0000	-2.8189
-1754.2000	-2.8202
-1708.7000	-2.6110
-1665.0000	-2.8135
-1626.3000	-2.9206
-1585.2000	-2.8604
-1542.5000	-2.7890
-1500.3000	-2.6837
-1460.2000	-2.8721
-1418.9000	-2.8517
-1375.8000	-2.6149
-1333.2000	-2.8691
-1300.5000	-2.8588
-1254.4000	-2.9365
-1207.0000	-2.7851
-1160.4000	-2.8698
-1116.1000	-2.8582
-1072.6000	-2.9123
-1028.5000	-2.9179
-984.8000	-2.9515
-942.3000	-2.9107
-900.1000	-2.9664
-857.9000	-2.9101
-816.4000	-2.7878
-774.6000	-2.9240
-733.4000	-2.9746
-691.4000	-2.9736
-648.8000	-2.9849
-605.4000	-2.9623
-561.7000	-2.9752
-519.0000	-3.0302
-474.5000	-3.0257
-431.5000	-3.0530
-388.8000	-3.0206
-345.9000	-2.9703
-302.4000	-3.0558
-259.1000	-3.0871
-214.8000	-3.0710
-159.2600	-3.0818
-140.2500	-3.0137
-132.5000	-3.0763
-131.7300	-3.0877
-125.2600	-3.1234

