244.8900	198.3854
267.8500	198.3907
290.9700	198.3854
326.5000	198.3895
341.2000	198.3819
366.6000	198.3858
389.5000	198.3852
414.5000	198.3837
446.9000	198.3808
470.8000	198.3843
493.3000	198.3815
517.2000	198.3829
539.7000	198.3815
565.0000	198.3825
588.4000	198.3771
614.5000	198.3810
639.6000	198.3823
666.7000	198.3749
691.7000	198.3777
719.3000	198.3751
744.5000	198.3782
771.9000	198.3769
796.6000	198.3765
825.8000	198.3749
853.1000	198.3765
880.9000	198.3749
906.3000	198.3724
935.1000	198.3728
961.7000	198.3747
991.0000	198.3738
1018.1000	198.3712
1047.4000	198.3738
1074.7000	198.3773
1101.9000	198.3704
1127.7000	198.3690
1155.0000	198.3693
1181.1000	198.3740
1208.0000	198.3671
1234.6000	198.3665
1262.1000	198.3664
1288.3000	198.3706
1315.6000	198.3652
1342.8000	198.3672
1369.6000	198.3685
1396.1000	198.3664
1422.0000	198.3668
1448.7000	198.3646
1477.9000	198.3633
1507.7000	198.3637
1536.2000	198.3664
1564.6000	198.3613
1589.8000	198.3627
1617.4000	198.3619
1643.6000	198.3619
1671.4000	198.3600
1698.5000	198.3625
1727.6000	198.3604
1754.1000	198.3576
1782.0000	198.3613
1808.8000	198.3594
1836.8000	198.3596
1863.7000	198.3648
1892.9000	198.3611
1920.6000	198.3656
1949.6000	198.3596
1977.4000	198.3613
2006.0000	198.3571
2032.5000	198.3586
2060.0000	198.3565
2086.6000	198.3571
2116.0000	198.3588
2143.5000	198.3549
2171.5000	198.3561
2198.5000	198.3567
2225.9000	198.3569
2252.8000	198.3547
2282.7000	198.3536
2309.7000	198.3553
2340.1000	198.3514
2368.1000	198.3524
2394.9000	198.3508
2421.6000	198.3512
2447.3000	198.3502
2473.5000	198.3481
2500.7000	198.3487
2527.1000	198.3504
2553.3000	198.3506
2579.0000	198.3477
2605.1000	198.3491
2631.6000	198.3452
2658.3000	198.3502
2684.3000	198.3475
2711.4000	198.3485
2737.1000	198.3462
2763.3000	198.3528
2789.9000	198.3481
2816.4000	198.3450
2842.5000	198.3446
2867.6000	198.3464
2893.3000	198.3460
2918.9000	198.3440
2945.6000	198.3440
2971.9000	198.3434
2998.5000	198.3415
3031.0000	198.3421
3044.0000	198.3425
3068.0000	198.3397
3094.0000	198.3429
3118.0000	198.3401
3145.0000	198.3444
3171.0000	198.3427
3198.0000	198.3372
3224.0000	198.3378
3251.0000	198.3380
3276.0000	198.3415
3301.0000	198.3386
3325.0000	198.3405
3351.0000	198.3376
3377.0000	198.3382
3402.0000	198.3357
3426.0000	198.3359
3451.0000	198.3353
3476.0000	198.3401
3501.0000	198.3376
3526.0000	198.3392
3551.0000	198.3368
3577.0000	198.3376
3602.0000	198.3368
3630.0000	198.3345
3655.0000	198.3362
3679.0000	198.3376
3702.0000	198.3364
3726.0000	198.3376
3750.0000	198.3359
3774.0000	198.3355
3796.0000	198.3380
3820.0000	198.3351
3844.0000	198.3364
3870.0000	198.3370
3892.0000	198.3374
3915.0000	198.3368
3939.0000	198.3341
3964.0000	198.3353
3987.0000	198.3343
4012.0000	198.3345
4035.0000	198.3324
4058.0000	198.3316
4081.0000	198.3324
4105.0000	198.3345
4129.0000	198.3291
4153.0000	198.3324
4175.0000	198.3318
4199.0000	198.3316
4222.0000	198.3312
4246.0000	198.3349
4268.0000	198.3353
4292.0000	198.3329
4315.0000	198.3291
4338.0000	198.3324
4362.0000	198.3310
4385.0000	198.3321
4407.0000	198.3350
4429.0000	198.3320
4452.0000	198.3353
4475.0000	198.3349
4498.0000	198.3329
4520.0000	198.3320
4543.0000	198.3320
4564.0000	198.3345
4579.0000	198.3364
4584.0000	198.3343
4580.0000	198.3341
4566.0000	198.3338
4552.0000	198.3378
4536.0000	198.3399
4522.0000	198.3357
4507.0000	198.3356
4490.0000	198.3351
4473.0000	198.3355
4457.0000	198.3355
4440.0000	198.3366
4422.0000	198.3394
4404.0000	198.3376
4386.0000	198.3397
4367.0000	198.3397
4348.0000	198.3403
4328.0000	198.3411
4308.0000	198.3376
4288.0000	198.3407
4268.0000	198.3421
4248.0000	198.3419
4228.0000	198.3421
4206.0000	198.3415
4185.0000	198.3413
4163.0000	198.3423
4140.0000	198.3427
4119.0000	198.3429
4097.0000	198.3452
4077.0000	198.3452
4056.0000	198.3436
4034.0000	198.3438
4010.0000	198.3434
3990.0000	198.3475
3969.0000	198.3444
3948.0000	198.3452
3925.0000	198.3442
3902.0000	198.3479
3878.0000	198.3477
3854.0000	198.3477
3830.0000	198.3475
3806.0000	198.3499
3781.0000	198.3475
3756.0000	198.3487
3733.0000	198.3491
3706.0000	198.3481
3677.0000	198.3495
3651.0000	198.3491
3626.0000	198.3493
3601.0000	198.3489
3575.0000	198.3530
3548.0000	198.3528
3519.0000	198.3493
3494.0000	198.3541
3468.0000	198.3512
3442.0000	198.3536
3416.0000	198.3532
3392.0000	198.3528
3366.0000	198.3532
3342.0000	198.3522
3314.0000	198.3541
3288.0000	198.3563
3261.0000	198.3561
3234.0000	198.3574
3206.0000	198.3567
3179.0000	198.3559
3153.0000	198.3565
3125.0000	198.3541
3099.0000	198.3582
3072.0000	198.3576
3044.0000	198.3598
3017.0000	198.3584
2989.0000	198.3582
2962.0000	198.3609
2935.0000	198.3578
2910.0000	198.3602
2886.0000	198.3627
2860.0000	198.3611
2832.0000	198.3611
2806.0000	198.3588
2782.0000	198.3625
2754.0000	198.3635
2728.0000	198.3617
2703.0000	198.3606
2679.0000	198.3646
2651.0000	198.3650
2624.0000	198.3633
2596.0000	198.3633
2569.0000	198.3631
2541.0000	198.3617
2513.0000	198.3652
2485.0000	198.3627
2458.0000	198.3627
2430.0000	198.3654
2402.0000	198.3685
2374.0000	198.3681
2347.0000	198.3654
2318.0000	198.3656
2291.0000	198.3662
2264.0000	198.3681
2237.0000	198.3664
2209.0000	198.3666
2181.0000	198.3674
2155.0000	198.3701
2127.0000	198.3697
2101.0000	198.3681
2074.0000	198.3728
2048.0000	198.3703
2020.0000	198.3720
1987.9000	198.3707
1971.3000	198.3747
1944.7000	198.3716
1916.9000	198.3738
1889.7000	198.3703
1860.7000	198.3728
1833.6000	198.3751
1804.9000	198.3742
1774.6000	198.3705
1743.3000	198.3751
1720.1000	198.3728
1690.5000	198.3763
1659.0000	198.3747
1631.6000	198.3738
1601.5000	198.3740
1575.4000	198.3757
1546.8000	198.3786
1523.0000	198.3767
1497.1000	198.3767
1470.7000	198.3755
1444.8000	198.3784
1414.1000	198.3796
1386.2000	198.3804
1358.7000	198.3786
1331.3000	198.3808
1303.5000	198.3802
1276.3000	198.3802
1249.1000	198.3734
1220.7000	198.3749
1190.6000	198.3732
1161.6000	198.3747
1132.5000	198.3769
1102.3000	198.3761
1073.6000	198.3784
1044.1000	198.3765
1014.8000	198.3740
985.4000	198.3751
957.5000	198.3761
928.7000	198.3757
901.2000	198.3757
872.4000	198.3769
846.0000	198.3769
817.3000	198.3767
790.4000	198.3767
761.7000	198.3790
735.4000	198.3747
707.3000	198.3771
680.6000	198.3802
652.3000	198.3775
626.1000	198.3790
596.2000	198.3779
568.4000	198.3771
538.8000	198.3786
512.2000	198.3786
482.9000	198.3779
453.3000	198.3800
421.8000	198.3798
391.5000	198.3771
363.3000	198.3810
334.7000	198.3775
310.8000	198.3788
283.5000	198.3788
251.9000	198.3823
222.7000	198.3804
199.5000	198.3817
172.5800	198.3819
149.2300	198.3800
137.0500	198.3804
137.6700	198.3835
139.1600	198.3829
115.7800	198.3825
98.4300	198.3819
90.2000	198.3843
81.6900	198.3833
66.0800	198.3815
45.6500	198.3862
20.4000	198.3845
-14.1950	198.3837
-30.4120	198.3829
-59.2700	198.3815
-89.5100	198.3843
-117.1400	198.3850
-144.9900	198.3862
-172.0300	198.3827
-203.6600	198.3885
-230.8500	198.3874
-262.9500	198.3874
-293.0300	198.3874
-333.0000	198.3837
-346.8000	198.3874
-374.5000	198.3878
-400.2000	198.3880
-427.9000	198.3876
-455.2000	198.3891
-482.1000	198.3897
-508.8000	198.3866
-538.1000	198.3860
-564.8000	198.3887
-593.5000	198.3887
-620.3000	198.3901
-649.1000	198.3885
-674.8000	198.3882
-705.4000	198.3876
-734.1000	198.3866
-762.7000	198.3882
-789.1000	198.3893
-818.0000	198.3911
-845.3000	198.3891
-875.1000	198.3895
-902.4000	198.3841
-931.5000	198.3870
-959.0000	198.3854
-987.1000	198.3876
-1014.2000	198.3856
-1042.2000	198.3878
-1069.1000	198.3862
-1096.7000	198.3854
-1123.1000	198.3843
-1150.3000	198.3831
-1176.7000	198.3839
-1203.6000	198.3819
-1229.9000	198.3833
-1255.9000	198.3850
-1283.0000	198.3852
-1310.0000	198.3808
-1336.3000	198.3858
-1363.6000	198.3825
-1392.2000	198.3808
-1419.0000	198.3825
-1447.6000	198.3845
-1475.5000	198.3794
-1504.3000	198.3821
-1530.7000	198.3812
-1559.0000	198.3808
-1586.4000	198.3821
-1615.5000	198.3782
-1642.5000	198.3777
-1670.3000	198.3792
-1697.2000	198.3804
-1725.4000	198.3777
-1751.6000	198.3751
-1780.3000	198.3775
-1807.4000	198.3771
-1837.2000	198.3767
-1867.1000	198.3800
-1895.9000	198.3790
-1922.7000	198.3763
-1950.8000	198.3747
-1977.3000	198.3736
-2006.8000	198.3738
-2034.7000	198.3722
-2063.1000	198.3726
-2089.9000	198.3709
-2117.5000	198.3707
-2144.8000	198.3757
-2174.0000	198.3714
-2201.3000	198.3734
-2230.6000	198.3705
-2259.0000	198.3716
-2286.3000	198.3730
-2313.3000	198.3742
-2342.4000	198.3730
-2368.3000	198.3679
-2396.3000	198.3712
-2423.4000	198.3703
-2450.3000	198.3705
-2477.3000	198.3685
-2505.4000	198.3705
-2533.7000	198.3689
-2559.6000	198.3660
-2584.1000	198.3703
-2608.5000	198.3703
-2634.7000	198.3679
-2663.2000	198.3674
-2690.7000	198.3707
-2717.0000	198.3705
-2744.3000	198.3689
-2771.0000	198.3701
-2798.4000	198.3722
-2825.1000	198.3689
-2852.8000	198.3693
-2880.2000	198.3648
-2908.0000	198.3670
-2934.3000	198.3670
-2961.9000	198.3681
-2988.6000	198.3701
-3039.0000	198.3664
-3050.0000	198.3668
-3076.0000	198.3672
-3102.0000	198.3683
-3130.0000	198.3709
-3156.0000	198.3722
-3183.0000	198.3691
-3209.0000	198.3621
-3235.0000	198.3695
-3260.0000	198.3666
-3288.0000	198.3679
-3313.0000	198.3703
-3339.0000	198.3674
-3364.0000	198.3650
-3391.0000	198.3633
-3416.0000	198.3687
-3444.0000	198.3668
-3470.0000	198.3701
-3497.0000	198.3679
-3522.0000	198.3699
-3550.0000	198.3695
-3576.0000	198.3691
-3604.0000	198.3689
-3629.0000	198.3639
-3653.0000	198.3672
-3678.0000	198.3718
-3703.0000	198.3726
-3728.0000	198.3697
-3752.0000	198.3718
-3776.0000	198.3666
-3801.0000	198.3726
-3826.0000	198.3707
-3851.0000	198.3687
-3875.0000	198.3714
-3900.0000	198.3716
-3926.0000	198.3693
-3950.0000	198.3681
-3974.0000	198.3693
-3998.0000	198.3709
-4022.0000	198.3716
-4046.0000	198.3658
-4071.0000	198.3674
-4095.0000	198.3681
-4120.0000	198.3656
-4142.0000	198.3693
-4165.0000	198.3705
-4188.0000	198.3697
-4212.0000	198.3681
-4235.0000	198.3699
-4260.0000	198.3689
-4285.0000	198.3679
-4311.0000	198.3697
-4335.0000	198.3674
-4361.0000	198.3662
-4385.0000	198.3662
-4410.0000	198.3660
-4432.0000	198.3670
-4457.0000	198.3674
-4480.0000	198.3672
-4504.0000	198.3693
-4526.0000	198.3666
-4548.0000	198.3679
-4569.0000	198.3689
-4581.0000	198.3681
-4586.0000	198.3685
-4584.0000	198.3654
-4575.0000	198.3687
-4561.0000	198.3697
-4547.0000	198.3674
-4532.0000	198.3658
-4517.0000	198.3685
-4501.0000	198.3689
-4485.0000	198.3709
-4468.0000	198.3685
-4452.0000	198.3689
-4434.0000	198.3674
-4417.0000	198.3695
-4400.0000	198.3635
-4382.0000	198.3650
-4363.0000	198.3650
-4344.0000	198.3662
-4325.0000	198.3611
-4306.0000	198.3697
-4287.0000	198.3648
-4267.0000	198.3650
-4248.0000	198.3666
-4228.0000	198.3681
-4209.0000	198.3658
-4187.0000	198.3652
-4166.0000	198.3654
-4142.0000	198.3674
-4120.0000	198.3639
-4101.0000	198.3658
-4080.0000	198.3648
-4056.0000	198.3681
-4035.0000	198.3641
-4014.0000	198.3674
-3993.0000	198.3666
-3970.0000	198.3687
-3948.0000	198.3670
-3925.0000	198.3660
-3903.0000	198.3691
-3879.0000	198.3666
-3854.0000	198.3668
-3831.0000	198.3695
-3810.0000	198.3672
-3785.0000	198.3681
-3760.0000	198.3668
-3736.0000	198.3687
-3712.0000	198.3662
-3687.0000	198.3652
-3663.0000	198.3654
-3638.0000	198.3672
-3614.0000	198.3679
-3588.0000	198.3648
-3562.0000	198.3666
-3536.0000	198.3681
-3511.0000	198.3670
-3485.0000	198.3679
-3459.0000	198.3695
-3434.0000	198.3672
-3408.0000	198.3701
-3383.0000	198.3697
-3356.0000	198.3664
-3332.0000	198.3716
-3306.0000	198.3701
-3280.0000	198.3697
-3253.0000	198.3718
-3227.0000	198.3703
-3200.0000	198.3697
-3172.0000	198.3734
-3146.0000	198.3714
-3121.0000	198.3730
-3095.0000	198.3757
-3067.0000	198.3732
-3038.0000	198.3691
-3009.0000	198.3664
-2984.0000	198.3732
-2958.0000	198.3707
-2932.0000	198.3738
-2903.0000	198.3740
-2874.0000	198.3712
-2849.0000	198.3716
-2825.0000	198.3722
-2800.0000	198.3699
-2773.0000	198.3734
-2747.0000	198.3709
-2720.0000	198.3734
-2693.0000	198.3742
-2665.0000	198.3730
-2638.0000	198.3740
-2610.0000	198.3738
-2582.0000	198.3726
-2554.0000	198.3775
-2527.0000	198.3761
-2500.0000	198.3744
-2472.0000	198.3738
-2444.0000	198.3755
-2416.0000	198.3755
-2388.0000	198.3747
-2359.0000	198.3779
-2331.0000	198.3753
-2303.0000	198.3794
-2276.0000	198.3769
-2249.0000	198.3790
-2222.0000	198.3759
-2194.0000	198.3779
-2168.0000	198.3782
-2140.0000	198.3786
-2114.0000	198.3786
-2086.0000	198.3815
-2060.0000	198.3808
-2032.0000	198.3796
-2005.0000	198.3779
-1959.3000	198.3798
-1944.5000	198.3777
-1916.2000	198.3835
-1889.6000	198.3806
-1860.1000	198.3812
-1833.4000	198.3808
-1804.8000	198.3794
-1777.2000	198.3843
-1747.5000	198.3864
-1717.0000	198.3856
-1690.2000	198.3847
-1660.7000	198.3835
-1628.3000	198.3866
-1599.9000	198.3808
-1573.7000	198.3850
-1551.0000	198.3810
-1524.1000	198.3852
-1497.9000	198.3843
-1470.2000	198.3847
-1443.2000	198.3843
-1413.7000	198.3854
-1386.2000	198.3860
-1358.2000	198.3841
-1329.5000	198.3868
-1301.8000	198.3870
-1275.6000	198.3882
-1248.8000	198.3895
-1218.7000	198.3880
-1189.1000	198.3845
-1159.8000	198.3868
-1131.0000	198.3907
-1101.6000	198.3872
-1073.0000	198.3882
-1042.8000	198.3893
-1014.1000	198.3882
-984.3000	198.3897
-956.2000	198.3903
-928.0000	198.3917
-900.6000	198.3924
-871.4000	198.3913
-844.9000	198.3891
-815.5000	198.3895
-788.8000	198.3924
-759.6000	198.3934
-733.3000	198.3930
-704.9000	198.3905
-678.9000	198.3913
-650.3000	198.3895
-622.9000	198.3952
-593.3000	198.3942
-564.6000	198.3932
-534.8000	198.3915
-507.4000	198.3907
-477.6000	198.3932
-448.6000	198.3932
-418.4000	198.3905
-386.4000	198.3952
-354.2000	198.3930
-326.5000	198.3944
-298.3000	198.3944
-270.0000	198.3893
-245.8000	198.3963
-221.4000	198.3928
-198.6000	198.3928
-165.5100	198.3965
-143.2800	198.3917
-132.1000	198.3932
-132.5700	198.3930
-132.2800	198.3928
-127.8200	198.3938
-124.7000	198.3950
-131.4000	198.3905
-131.4100	198.3981
-129.3700	198.3977
-128.7700	198.3938
-128.5900	198.3932
-128.5300	198.3956
-128.5100	198.3959
-128.5000	198.3950
-128.4900	198.3944
-128.4900	198.3979
-128.4800	198.3936
-128.4800	198.3959
-128.4700	198.4018
-128.4700	198.3932
-128.4700	198.3961
-128.4700	198.3983
-128.4600	198.3938
-128.4600	198.3969
-128.4600	198.3969
-128.4600	198.3955
-128.4500	198.3969
-128.4500	198.3940
-128.4500	198.3940
-128.4500	198.3985
-128.4500	198.3946
-128.4500	198.3955
-128.4400	198.3975
-128.4400	198.3944
-128.4400	198.3981
-128.4400	198.3946
-128.4400	198.3938
-128.4400	198.3944
-128.4400	198.3969
-128.4300	198.3979
-128.4300	198.3981
-128.4300	198.3973
-128.4300	198.3961
-128.4300	198.3990
-128.4300	198.3952
-128.4300	198.3979
-128.4300	198.3965
-128.4200	198.3973
-128.4200	198.3981
-128.4200	198.3983
-128.4200	198.3983
-128.4200	198.3965
-128.4200	198.3965
-128.4200	198.3973
-128.4200	198.4000
-128.4200	198.3985
-128.4200	198.3979
-128.4200	198.3942
-128.4200	198.3967
-128.4200	198.3985
-128.4100	198.3961
-128.4100	198.3975
-128.4100	198.4006
-128.4100	198.3973
-128.4100	198.4000
-128.4100	198.3994
-128.4100	198.4002
-128.4100	198.3991
-128.4100	198.3965
-128.4100	198.3998
-128.4100	198.3985
-128.4100	198.3967
-128.4100	198.4008
-128.4100	198.4006
-128.4000	198.4006
-128.4000	198.4014
-128.4000	198.4010
-128.4000	198.3990
-128.4000	198.4031
-128.4000	198.4000
-128.4000	198.4033
-128.4000	198.4012
-128.4000	198.4008
-128.4000	198.4018
-128.4000	198.4049
-128.4000	198.4033
-128.4000	198.4020
-128.4000	198.4014
-128.4000	198.4039
-128.4000	198.4008
-128.4000	198.4049
-128.4000	198.4045
-128.4000	198.4024
-128.4000	198.4047
-128.3900	198.4039
-128.4000	198.4039
-128.3900	198.4031
-128.4000	198.4076
-128.3900	198.4041
-128.3900	198.4057
-128.4000	198.4020
-128.3900	198.4049
-128.3900	198.4029
-128.3900	198.4070
-128.3900	198.4080
-128.3900	198.4059
-128.3900	198.4043
-128.3900	198.4092
-128.3900	198.4057
-128.3900	198.4066
-128.3900	198.4055
-128.3900	198.4084
-128.3900	198.4066
-128.3900	198.4076
-128.3900	198.4084
-128.3900	198.4082
-128.3900	198.4092
-128.3900	198.4090
-128.3900	198.4066
-128.3800	198.4080
-128.3800	198.4061
-128.3800	198.4084
-128.3800	198.4132
-128.3800	198.4096
-128.3800	198.4103
-128.3800	198.4072
-128.3800	198.4080
-128.3800	198.4113
-128.3800	198.4121
-128.3800	198.4096
-128.3800	198.4107
-128.3800	198.4088
-128.3800	198.4158
-128.3800	198.4099
-128.3800	198.4117
-128.3800	198.4099
-128.3800	198.4115
-128.3800	198.4090
-128.3800	198.4103
-128.3800	198.4107
-128.3800	198.4107
-128.3800	198.4125
-128.3800	198.4117
-128.3800	198.4099
-128.3800	198.4121
-128.3800	198.4140
-128.3800	198.4144
-128.3800	198.4120
-128.3800	198.4156
-128.3800	198.4135
-128.3800	198.4150
-128.3800	198.4150
-128.3800	198.4146
-128.3800	198.4214
-128.3700	198.4795
-128.3800	198.4715
-128.3700	198.4784
-128.3800	198.4788
-128.3800	198.4778
-128.3700	198.4795
-128.3800	198.4783
-128.3700	198.4786
-128.3700	198.4760
-128.3700	198.4752
-128.3700	198.4748
-128.3700	198.4762
-128.3700	198.4780
-128.3700	198.4789
-128.3700	198.4787
-128.3700	198.4780
-128.3700	198.4792
-128.3700	198.4780
-128.3700	198.4773
-128.3700	198.4812
-128.3700	198.4791
-128.3700	198.4779
-128.3700	198.4860
-128.3700	198.4772
-128.3700	198.4786
-128.3700	198.4780
-128.3700	198.4786
-128.3700	198.4780
-128.3700	198.4788
-128.3700	198.4770
-128.3700	198.4786
-128.3700	198.4815
-128.3700	198.4809

