4161.0000	232.8495
4161.0000	232.8701
4161.0000	232.9327
4161.0000	232.9079
4161.0000	232.9267
4161.0000	232.8322
4161.0000	232.8915
4161.0000	232.7541
4161.0000	232.9187
4161.0000	232.9226
4161.0000	232.8818
4161.0000	232.8571
4161.0000	232.7555
4161.0000	232.9870
4161.0000	232.7499
4161.0000	232.8882
4162.0000	232.8958
4161.0000	232.9180
4161.0000	232.8408
4162.0000	232.8987
4161.0000	232.9143
4162.0000	232.8506
4161.0000	232.9694
4161.0000	232.8917
4161.0000	232.8054

