126.3300	232.3223
141.3300	232.3134
159.5300	232.3031
181.4800	232.3023
203.1400	232.2842
226.4900	232.3013
249.5500	232.2988
273.2700	232.3130
300.8900	232.2911
327.8000	232.2984
350.1000	232.2954
375.3000	232.3014
401.6000	232.2930
426.4000	232.2928
453.2000	232.2993
477.6000	232.2904
503.6000	232.2939
527.8000	232.3011
553.4000	232.2968
578.0000	232.2951
604.6000	232.2918
630.0000	232.2790
656.7000	232.2804
682.8000	232.2969
710.8000	232.2886
738.0000	232.3064
765.3000	232.3200
792.0000	232.2933
821.4000	232.2960
849.5000	232.2968
876.7000	232.2945
904.8000	232.2889
932.4000	232.2927
961.5000	232.2851
988.8000	232.2922
1017.0000	232.2916
1043.9000	232.2877
1072.1000	232.2856
1098.5000	232.2842
1125.5000	232.2809
1152.0000	232.2807
1178.4000	232.2914
1204.5000	232.2906
1231.2000	232.2875
1257.5000	232.2867
1284.3000	232.2878
1310.9000	232.2853
1338.6000	232.2851
1366.2000	232.2915
1394.6000	232.2841
1420.5000	232.2929
1447.5000	232.2854
1474.9000	232.2880
1501.7000	232.2840
1530.4000	232.2877
1558.5000	232.2789
1586.9000	232.2759
1614.6000	232.2874
1645.2000	232.2825
1673.8000	232.2825
1702.3000	232.2854
1728.6000	232.2820
1756.9000	232.2880
1783.2000	232.2803
1811.3000	232.2838
1838.1000	232.2850
1866.5000	232.2869
1894.0000	232.2819
1923.0000	232.2910
1951.0000	232.2976
1978.8000	232.2834
2006.0000	232.2839
2033.8000	232.2870
2062.0000	232.2874
2090.3000	232.2808
2119.3000	232.2839
2147.2000	232.2884
2175.3000	232.2811
2202.6000	232.2887
2233.5000	232.2865
2260.6000	232.2887
2288.4000	232.2885
2315.0000	232.2860
2343.3000	232.2892
2373.4000	232.2882
2398.8000	232.2898
2423.5000	232.2873
2450.5000	232.2887
2478.0000	232.2894
2503.7000	232.2909
2528.6000	232.2888
2554.5000	232.2847
2580.9000	232.2918
2607.2000	232.2910
2633.7000	232.2924
2660.8000	232.2890
2687.3000	232.2892
2714.6000	232.2887
2741.6000	232.2879
2768.2000	232.2852
2794.1000	232.2899
2820.8000	232.2861
2847.9000	232.2866
2875.0000	232.2737
2902.9000	232.2900
2929.5000	232.2900
2956.9000	232.2870
2983.0000	232.2864
3024.0000	232.2854
3031.0000	232.2824
3055.0000	232.2813
3081.0000	232.2848
3107.0000	232.2841
3134.0000	232.2821
3160.0000	232.3133
3187.0000	232.2800
3214.0000	232.2849
3240.0000	232.2941
3266.0000	232.2836
3292.0000	232.2774
3320.0000	232.2780
3345.0000	232.2817
3370.0000	232.2771
3396.0000	232.2795
3421.0000	232.2841
3448.0000	232.2810
3473.0000	232.2802
3499.0000	232.2781
3523.0000	232.2773
3548.0000	232.2782
3573.0000	232.2772
3598.0000	232.2770
3622.0000	232.2756
3647.0000	232.2774
3671.0000	232.2780
3694.0000	232.2758
3718.0000	232.2772
3742.0000	232.2762
3766.0000	232.2761
3790.0000	232.2793
3815.0000	232.2789
3839.0000	232.2813
3863.0000	232.2796
3887.0000	232.2791
3914.0000	232.2783
3939.0000	232.2820
3963.0000	232.2781
3988.0000	232.2769
4011.0000	232.2791
4035.0000	232.2791
4058.0000	232.2765
4082.0000	232.2790
4106.0000	232.2790
4129.0000	232.2744
4152.0000	232.2777
4175.0000	232.2763
4200.0000	232.2790
4223.0000	232.2785
4246.0000	232.2771
4270.0000	232.2777
4294.0000	232.2764
4318.0000	232.2763
4341.0000	232.2748
4366.0000	232.2770
4389.0000	232.2777
4412.0000	232.2761
4436.0000	232.2752
4458.0000	232.2759
4480.0000	232.2733
4503.0000	232.2744
4520.0000	232.2727
4530.0000	232.2727
4533.0000	232.2735
4529.0000	232.2741
4518.0000	232.2726
4505.0000	232.2777
4489.0000	232.2750
4475.0000	232.2731
4459.0000	232.2766
4442.0000	232.2743
4425.0000	232.2643
4408.0000	232.2755
4390.0000	232.2707
4372.0000	232.2818
4353.0000	232.2707
4336.0000	232.2766
4317.0000	232.2738
4296.0000	232.2731
4275.0000	232.2762
4255.0000	232.2738
4234.0000	232.2761
4213.0000	232.2724
4193.0000	232.2744
4172.0000	232.2727
4152.0000	232.2734
4131.0000	232.2759
4108.0000	232.2748
4085.0000	232.2740
4062.0000	232.2738
4041.0000	232.2769
4021.0000	232.2707
3998.0000	232.2800
3975.0000	232.2742
3953.0000	232.2765
3931.0000	232.2711
3907.0000	232.2794
3885.0000	232.2757
3860.0000	232.2722
3837.0000	232.2709
3812.0000	232.2755
3788.0000	232.2697
3760.0000	232.2693
3735.0000	232.2750
3710.0000	232.2726
3684.0000	232.2738
3659.0000	232.2767
3634.0000	232.2744
3609.0000	232.2744
3584.0000	232.2761
3560.0000	232.2740
3535.0000	232.2720
3510.0000	232.2738
3485.0000	232.2736
3460.0000	232.2732
3435.0000	232.2746
3409.0000	232.2748
3384.0000	232.2759
3358.0000	232.2759
3333.0000	232.2787
3307.0000	232.2779
3281.0000	232.2779
3253.0000	232.2755
3228.0000	232.2752
3201.0000	232.2748
3175.0000	232.2740
3147.0000	232.2742
3121.0000	232.2621
3093.0000	232.2761
3067.0000	232.2730
3039.0000	232.2726
3013.0000	232.2701
2984.0000	232.2769
2956.0000	232.2726
2928.0000	232.2757
2901.0000	232.2764
2877.0000	232.2752
2852.0000	232.2766
2825.0000	232.2776
2799.0000	232.2795
2773.0000	232.2747
2747.0000	232.2798
2721.0000	232.2784
2695.0000	232.2789
2668.0000	232.2780
2640.0000	232.2764
2613.0000	232.2774
2583.0000	232.2760
2557.0000	232.2784
2527.0000	232.2760
2499.0000	232.2764
2470.0000	232.2729
2442.0000	232.2751
2414.0000	232.2832
2387.0000	232.2774
2359.0000	232.2741
2331.0000	232.2756
2304.0000	232.2846
2276.0000	232.2731
2248.0000	232.2727
2221.0000	232.2776
2193.0000	232.2805
2164.0000	232.2795
2137.0000	232.2762
2110.0000	232.2756
2082.0000	232.2805
2054.0000	232.2743
2026.0000	232.2801
1999.0000	232.2778
1976.7000	232.2809
1948.2000	232.2801
1920.4000	232.2783
1890.9000	232.2776
1863.7000	232.2801
1834.3000	232.2769
1807.3000	232.2750
1778.6000	232.2744
1751.3000	232.2783
1721.9000	232.2789
1692.8000	232.2767
1663.8000	232.2791
1635.1000	232.2771
1607.4000	232.2767
1580.3000	232.2800
1552.5000	232.2787
1522.6000	232.2812
1493.6000	232.2785
1466.5000	232.2794
1441.3000	232.2767
1413.2000	232.2779
1384.9000	232.2773
1356.6000	232.2769
1331.6000	232.2755
1303.4000	232.2765
1279.3000	232.2746
1246.6000	232.2728
1215.3000	232.2796
1184.3000	232.2737
1155.0000	232.2761
1124.9000	232.2779
1096.7000	232.2672
1068.7000	232.2712
1040.1000	232.2721
1011.6000	232.2698
983.6000	232.2704
954.9000	232.2725
925.9000	232.2723
898.4000	232.2727
869.2000	232.2714
841.2000	232.2729
812.3000	232.2690
784.4000	232.2673
755.7000	232.2675
729.0000	232.2640
700.0000	232.2646
671.9000	232.2653
643.3000	232.2655
615.7000	232.2634
586.0000	232.2632
557.5000	232.2643
528.6000	232.2632
500.2000	232.2667
471.2000	232.2631
442.8000	232.2632
412.4000	232.2621
382.2000	232.2608
351.6000	232.2598
323.2000	232.2608
299.5000	232.2610
269.6000	232.2619
239.4000	232.2654
214.2000	232.2606
174.8900	232.2612
160.0800	232.2643
142.6900	232.2625
135.6000	232.2614
139.2600	232.2612
135.0600	232.2641
130.7600	232.2604
128.4200	232.2608
110.9400	232.2619
100.1800	232.2598
93.7500	232.2701
89.1900	232.2606
77.5600	232.2621
56.3900	232.2625
33.0300	232.2631
-2.4460	232.2643
-18.5840	232.2656
-56.7900	232.2717
-74.7800	232.2687
-101.8500	232.2687
-130.7700	232.2670
-158.2200	232.2676
-186.8400	232.2660
-216.7400	232.2664
-246.6000	232.2666
-273.8500	232.2680
-300.8600	232.2675
-330.8000	232.2691
-358.8000	232.2701
-385.0000	232.2681
-412.3000	232.2664
-438.6000	232.2666
-466.5000	232.2641
-492.7000	232.2665
-521.2000	232.2690
-548.1000	232.2676
-576.5000	232.2665
-604.8000	232.2690
-633.5000	232.2702
-660.9000	232.2673
-689.8000	232.2657
-719.2000	232.2661
-747.6000	232.2666
-776.8000	232.2646
-804.0000	232.2661
-833.1000	232.2701
-861.6000	232.2663
-889.6000	232.2659
-916.8000	232.2636
-945.5000	232.2632
-972.5000	232.2642
-999.8000	232.2632
-1027.4000	232.2615
-1054.0000	232.2619
-1080.1000	232.2622
-1106.4000	232.2625
-1132.2000	232.2628
-1160.5000	232.2626
-1187.5000	232.2606
-1215.1000	232.2603
-1242.3000	232.2608
-1270.9000	232.2598
-1297.2000	232.2604
-1323.8000	232.2606
-1351.7000	232.2588
-1378.6000	232.2573
-1406.3000	232.2561
-1434.2000	232.2542
-1463.3000	232.2544
-1491.2000	232.2582
-1519.7000	232.2542
-1547.8000	232.2549
-1576.9000	232.2534
-1603.9000	232.2520
-1632.6000	232.2530
-1659.1000	232.2538
-1686.8000	232.2542
-1713.2000	232.2544
-1740.9000	232.2499
-1767.9000	232.2528
-1797.3000	232.2538
-1824.5000	232.2507
-1852.4000	232.2501
-1879.7000	232.2483
-1907.9000	232.2491
-1935.1000	232.2468
-1963.5000	232.2483
-1991.5000	232.2483
-2020.0000	232.2491
-2047.9000	232.2481
-2075.6000	232.2441
-2106.0000	232.2472
-2132.9000	232.2460
-2162.0000	232.2456
-2189.8000	232.2468
-2217.3000	232.2458
-2246.1000	232.2451
-2273.4000	232.2458
-2299.7000	232.2451
-2326.5000	232.2445
-2353.6000	232.2451
-2379.6000	232.2457
-2402.1000	232.2463
-2427.1000	232.2451
-2452.7000	232.2443
-2480.7000	232.2451
-2505.9000	232.2473
-2534.0000	232.2444
-2559.2000	232.2420
-2586.5000	232.2448
-2614.5000	232.2460
-2641.3000	232.2487
-2667.3000	232.2472
-2693.8000	232.2413
-2720.5000	232.2446
-2747.9000	232.2419
-2776.3000	232.2464
-2805.3000	232.2448
-2835.0000	232.2423
-2863.2000	232.2433
-2890.7000	232.2448
-2916.3000	232.2456
-2942.4000	232.2468
-2969.0000	232.2452
-2994.9000	232.2466
-3042.0000	232.2460
-3056.0000	232.2427
-3083.0000	232.2429
-3109.0000	232.2437
-3136.0000	232.2456
-3162.0000	232.2462
-3189.0000	232.2444
-3219.0000	232.2468
-3248.0000	232.2448
-3275.0000	232.2460
-3302.0000	232.2474
-3327.0000	232.2509
-3354.0000	232.2446
-3380.0000	232.2472
-3404.0000	232.2456
-3429.0000	232.2474
-3455.0000	232.2452
-3482.0000	232.2502
-3512.0000	232.2421
-3536.0000	232.2427
-3560.0000	232.2490
-3585.0000	232.2416
-3610.0000	232.2425
-3633.0000	232.2438
-3662.0000	232.2457
-3690.0000	232.2420
-3716.0000	232.2416
-3742.0000	232.2418
-3768.0000	232.2426
-3792.0000	232.2430
-3817.0000	232.2422
-3842.0000	232.2428
-3865.0000	232.2428
-3887.0000	232.2419
-3907.0000	232.2397
-3935.0000	232.2415
-3965.0000	232.2411
-3993.0000	232.2421
-4018.0000	232.2411
-4043.0000	232.2497
-4067.0000	232.2405
-4092.0000	232.2425
-4118.0000	232.2406
-4141.0000	232.2400
-4165.0000	232.2400
-4189.0000	232.2425
-4213.0000	232.2400
-4237.0000	232.2413
-4261.0000	232.2411
-4286.0000	232.2427
-4310.0000	232.2409
-4333.0000	232.2390
-4355.0000	232.2427
-4381.0000	232.2435
-4401.0000	232.2446
-4408.0000	232.2446
-4407.0000	232.2450
-4407.0000	232.2440
-4406.0000	232.2448
-4406.0000	232.2462
-4405.0000	232.2411
-4403.0000	232.2426
-4401.0000	232.2511
-4401.0000	232.2411
-4401.0000	232.2515
-4399.0000	232.2365
-4399.0000	232.2416
-4397.0000	232.2636
-4391.0000	232.2453
-4381.0000	232.2449
-4370.0000	232.2496
-4354.0000	232.2502
-4338.0000	232.2241
-4322.0000	232.2397
-4305.0000	232.2492
-4287.0000	232.2430
-4271.0000	232.2550
-4254.0000	232.2513
-4236.0000	232.2502
-4217.0000	232.2471
-4199.0000	232.2473
-4180.0000	232.2449
-4162.0000	232.2445
-4141.0000	232.2521
-4120.0000	232.2488
-4099.0000	232.2526
-4077.0000	232.2564
-4056.0000	232.2370
-4034.0000	232.2413
-4014.0000	232.2380
-3993.0000	232.2443
-3974.0000	232.2441
-3953.0000	232.2446
-3933.0000	232.2450
-3912.0000	232.2462
-3892.0000	232.2446
-3872.0000	232.2466
-3850.0000	232.2433
-3827.0000	232.2464
-3805.0000	232.2444
-3782.0000	232.2427
-3759.0000	232.2450
-3735.0000	232.2458
-3712.0000	232.2437
-3688.0000	232.2456
-3664.0000	232.3023
-3640.0000	232.2302
-3617.0000	232.2423
-3593.0000	232.2405
-3570.0000	232.2382
-3546.0000	232.2411
-3521.0000	232.2390
-3497.0000	232.2423
-3473.0000	232.2382
-3449.0000	232.2384
-3424.0000	232.2425
-3399.0000	232.2380
-3375.0000	232.2437
-3351.0000	232.2017
-3326.0000	232.2434
-3300.0000	232.2420
-3274.0000	232.2349
-3249.0000	232.2408
-3223.0000	232.2381
-3196.0000	232.2393
-3169.0000	232.2398
-3142.0000	232.2341
-3116.0000	232.2367
-3090.0000	232.2356
-3064.0000	232.2480
-3038.0000	232.2430
-3012.0000	232.2414
-2984.0000	232.2368
-2956.0000	232.2403
-2927.0000	232.2406
-2902.0000	232.2463
-2875.0000	232.2399
-2849.0000	232.2420
-2822.0000	232.2422
-2795.0000	232.2410
-2770.0000	232.2410
-2747.0000	232.2422
-2722.0000	232.2414
-2697.0000	232.2412
-2670.0000	232.2401
-2644.0000	232.2443
-2616.0000	232.2410
-2589.0000	232.2436
-2563.0000	232.2420
-2533.0000	232.2420
-2505.0000	232.2408
-2477.0000	232.2414
-2449.0000	232.2432
-2421.0000	232.2428
-2394.0000	232.2426
-2366.0000	232.2432
-2339.0000	232.2440
-2311.0000	232.2436
-2284.0000	232.2455
-2257.0000	232.2414
-2230.0000	232.2432
-2202.0000	232.2443
-2174.0000	232.2432
-2146.0000	232.2436
-2119.0000	232.2453
-2091.0000	232.2438
-2064.0000	232.2430
-2036.0000	232.2436
-2009.0000	232.2445
-1964.5000	232.2410
-1947.4000	232.2455
-1919.8000	232.2449
-1891.0000	232.2432
-1863.3000	232.2430
-1834.3000	232.2418
-1807.0000	232.2420
-1779.3000	232.2422
-1752.5000	232.2406
-1724.2000	232.2410
-1694.6000	232.2381
-1662.8000	232.2381
-1634.4000	232.2391
-1604.0000	232.2366
-1578.8000	232.2408
-1553.8000	232.2397
-1526.5000	232.2358
-1496.1000	232.2383
-1469.2000	232.2356
-1443.2000	232.2387
-1419.6000	232.2375
-1393.0000	232.2368
-1365.8000	232.2383
-1337.2000	232.2385
-1310.4000	232.2368
-1283.1000	232.2371
-1256.4000	232.2364
-1227.9000	232.2379
-1197.2000	232.2352
-1168.6000	232.2385
-1139.2000	232.2331
-1110.8000	232.2381
-1082.4000	232.2378
-1054.3000	232.2338
-1025.4000	232.2346
-997.7000	232.2373
-968.8000	232.2317
-941.3000	232.2383
-912.3000	232.2360
-884.2000	232.2371
-854.4000	232.2368
-826.6000	232.2371
-798.1000	232.2362
-771.2000	232.2389
-742.0000	232.2341
-714.7000	232.2357
-686.6000	232.2345
-658.3000	232.2609
-630.5000	232.2235
-602.2000	232.2348
-573.8000	232.2381
-545.0000	232.2375
-516.5000	232.2368
-487.1000	232.2368
-459.3000	232.2422
-428.8000	232.2471
-397.8000	232.2372
-365.6000	232.2391
-335.8000	232.2384
-308.6000	232.2362
-281.5000	232.2406
-254.2000	232.2406
-225.4000	232.2403
-199.5000	232.2399
-172.9300	232.2415
-146.6300	232.2401
-131.6100	232.2456
-127.5300	232.2352
-130.6500	232.2405
-126.1300	232.2422
-121.8300	232.2421
-124.0400	232.2418
-127.3000	232.2446
-114.5700	232.2382
-90.8800	232.2453
-70.1200	232.2411
-46.2400	232.2496
-20.1700	232.2432
14.2260	232.2394
31.2760	232.2357
60.5400	232.2302
90.1700	232.2677
117.1300	232.2415
146.1800	232.2225
174.1100	232.2240
203.6200	232.2402
231.7100	232.2351
261.6500	232.2375
289.7800	232.2398
331.1000	232.2393
345.9000	232.2392
374.2000	232.2416
400.2000	232.2399
428.2000	232.2390
454.5000	232.2393
483.1000	232.2388
510.7000	232.2351
539.8000	232.2392
567.0000	232.2390
596.4000	232.2386
624.2000	232.2449
653.1000	232.2400
681.2000	232.2390
710.4000	232.2389
739.6000	232.2406
768.0000	232.2408
796.7000	232.2402
824.8000	232.2411
854.5000	232.2405
882.6000	232.2409
910.9000	232.2417
938.6000	232.2405
966.6000	232.2398
993.7000	232.2384
1020.7000	232.2431
1048.2000	232.2405
1075.7000	232.2433
1101.5000	232.2411
1128.5000	232.2392
1154.2000	232.2433
1181.8000	232.2419
1207.9000	232.2390
1235.9000	232.2419
1262.0000	232.2390
1291.6000	232.2378
1319.1000	232.2398
1346.8000	232.2382
1375.2000	232.2388
1402.9000	232.2361
1429.4000	232.2372
1457.4000	232.2363
1484.5000	232.2349
1512.5000	232.2337
1540.1000	232.2371
1568.9000	232.2383
1597.6000	232.2364
1625.5000	232.2363
1653.4000	232.2402
1681.2000	232.2384
1708.9000	232.2374
1735.4000	232.2396
1763.2000	232.2390
1790.5000	232.2254
1819.6000	232.2470
1848.1000	232.2372
1877.4000	232.2388
1905.1000	232.2370
1934.0000	232.2351
1961.0000	232.2378
1989.9000	232.2386
2018.0000	232.2390
2046.6000	232.2378
2073.6000	232.2370
2102.7000	232.2376
2130.1000	232.2353
2159.1000	232.2359
2186.1000	232.2355
2214.7000	232.2337
2242.0000	232.2376
2270.2000	232.2367
2297.4000	232.2351
2324.9000	232.2367
2350.8000	232.2328
2378.4000	232.2367
2405.5000	232.2310
2431.4000	232.2332
2458.2000	232.2357
2484.6000	232.2359
2512.1000	232.2335
2538.7000	232.2322
2565.3000	232.2320
2591.1000	232.2324
2617.3000	232.2341
2644.1000	232.2345
2671.3000	232.2363
2696.9000	232.2382
2723.9000	232.2324
2749.8000	232.2330
2777.7000	232.2320
2804.9000	232.2337
2833.0000	232.2316
2859.9000	232.2316
2887.5000	232.2297
2913.9000	232.2302
2941.1000	232.2308
2967.2000	232.2322
2993.9000	232.2326
3028.0000	232.2335
3042.0000	232.2306
3067.0000	232.2289
3095.0000	232.2302
3122.0000	232.2297
3149.0000	232.2293
3176.0000	232.2318
3202.0000	232.2295
3228.0000	232.2320
3255.0000	232.2332
3280.0000	232.2302
3305.0000	232.2304
3331.0000	232.2320
3357.0000	232.2316
3384.0000	232.2293
3410.0000	232.2291
3436.0000	232.2291
3461.0000	232.2289
3487.0000	232.2283
3512.0000	232.2291
3539.0000	232.2281
3563.0000	232.2304
3588.0000	232.2277
3613.0000	232.2240
3637.0000	232.2258
3661.0000	232.2250
3685.0000	232.2252
3709.0000	232.2242
3734.0000	232.2225
3758.0000	232.2240
3783.0000	232.2236
3806.0000	232.2061
3828.0000	232.2242
3850.0000	232.2219
3873.0000	232.2248
3897.0000	232.2223
3921.0000	232.2217
3945.0000	232.2213
3969.0000	232.2234
3991.0000	232.2209
4013.0000	232.2221
4034.0000	232.2211
4056.0000	232.2225
4080.0000	232.2219
4103.0000	232.2246
4127.0000	232.2223
4149.0000	232.2209
4170.0000	232.2203
4183.0000	232.2161
4184.0000	232.2161
4183.0000	232.2161
4181.0000	232.2197
4182.0000	232.2215
4181.0000	232.2190
4181.0000	232.2112
4180.0000	232.2166
4180.0000	232.2194
4181.0000	232.2178
4180.0000	232.2168
4180.0000	232.2186
4180.0000	232.2141
4195.0000	232.2168
4201.0000	232.2153
4204.0000	232.2166
4202.0000	232.2166
4194.0000	232.2149
4183.0000	232.2170
4168.0000	232.2155
4152.0000	232.2159
4135.0000	232.2166
4118.0000	232.2145
4101.0000	232.2164
4083.0000	232.2147
4065.0000	232.2166
4046.0000	232.2155
4025.0000	232.2182
4004.0000	232.2164
3985.0000	232.2164
3965.0000	232.2149
3946.0000	232.2170
3926.0000	232.2155
3905.0000	232.2170
3887.0000	232.2147
3867.0000	232.2168
3845.0000	232.2157
3825.0000	232.2151
3802.0000	232.2149
3781.0000	232.2141
3759.0000	232.2141
3737.0000	232.2139
3713.0000	232.2135
3691.0000	232.2312
3668.0000	232.2071
3645.0000	232.2081
3621.0000	232.2122
3597.0000	232.2112
3574.0000	232.2145
3550.0000	232.2120
3527.0000	232.2145
3504.0000	232.2139
3480.0000	232.2149
3456.0000	232.2124
3432.0000	232.2149
3408.0000	232.2133
3383.0000	232.2133
3358.0000	232.2133
3334.0000	232.2166
3310.0000	232.2192
3286.0000	232.2192
3260.0000	232.2168
3235.0000	232.2157
3210.0000	232.2166
3185.0000	232.2174
3158.0000	232.2151
3133.0000	232.2153
3107.0000	232.2174
3081.0000	232.2172
3054.0000	232.2172
3029.0000	232.2203
3003.0000	232.2190
2977.0000	232.2161
2950.0000	232.2157
2921.0000	232.2164
2893.0000	232.2184
2866.0000	232.2186
2841.0000	232.2178
2816.0000	232.2174
2788.0000	232.2188
2761.0000	232.2194
2736.0000	232.2194
2713.0000	232.2182
2690.0000	232.2205
2664.0000	232.2188
2640.0000	232.2161
2613.0000	232.2159
2586.0000	232.2145
2559.0000	232.2151
2533.0000	232.2124
2505.0000	232.2124
2477.0000	232.2139
2449.0000	232.2091
2422.0000	232.2089
2394.0000	232.2091
2367.0000	232.2100
2339.0000	232.2065
2312.0000	232.2075
2285.0000	232.2094
2258.0000	232.2077
2231.0000	232.2061
2203.0000	232.2056
2175.0000	232.2063
2148.0000	232.2017
2121.0000	232.2030
2094.0000	232.2009
2067.0000	232.2028
2040.0000	232.2026
2013.0000	232.2046
1982.4000	232.1999
1966.8000	232.2032
1939.1000	232.2032
1912.0000	232.2030
1883.4000	232.2026
1856.2000	232.2003
1827.9000	232.1999
1800.8000	232.1980
1771.8000	232.1989
1744.8000	232.2005
1716.3000	232.1993
1686.3000	232.1991
1655.1000	232.2013
1627.9000	232.1989
1596.8000	232.2007
1569.0000	232.2024
1541.8000	232.2032
1519.9000	232.2030
1493.9000	232.2034
1466.8000	232.2003
1441.6000	232.2017
1415.7000	232.2005
1387.5000	232.2100
1360.7000	232.1616
1334.4000	232.2479
1307.8000	232.2565
1279.3000	232.1082
1249.7000	232.3505
1220.8000	232.2067
1192.0000	232.1939
1163.3000	232.1999
1134.4000	232.2030
1107.6000	232.2019
1078.9000	232.2067
1051.2000	232.2061
1023.1000	232.2069
995.4000	232.2038
966.5000	232.2061
938.9000	232.2056
909.9000	232.1991
881.7000	232.2116
852.4000	232.2079
826.2000	232.2067
797.7000	232.2094
770.4000	232.2065
742.1000	232.2096
715.4000	232.2106
687.9000	232.2114
660.7000	232.2100
632.7000	232.2108
605.1000	232.2085
575.6000	232.2126
547.1000	232.2112
517.9000	232.2108
490.8000	232.2135
462.4000	232.2110
434.2000	232.2048
404.4000	232.2118
374.0000	232.2141
343.7000	232.2174
313.8000	232.2124
289.1000	232.2129
263.0000	232.2120
232.9000	232.2135
203.4000	232.2151
170.3400	232.2155
153.1500	232.2120
134.7900	232.2129

