




Time (Second)	Temperature (K)	Field 1 	Field 2 	Field 3 	Gate Voltage (Volt)	SR510 No. 1 (Ohm}	SR510 No. 2 (Ohm}	Empty	Empty	Leakage Current
1.255000E+0	3.538000E+0	5.000000E+0	0.000000E+0	0.000000E+0	5.000000E-1	2.900000E+2	4.445000E+3	0.000000E+0	0.000000E+0	-2.037881E-10
3.269000E+0	3.540000E+0	4.998700E+0	0.000000E+0	0.000000E+0	5.000000E-1	2.885000E+2	4.430000E+3	0.000000E+0	0.000000E+0	-5.463455E-11
5.276000E+0	3.541000E+0	4.991500E+0	0.000000E+0	0.000000E+0	5.000000E-1	2.835000E+2	4.420000E+3	0.000000E+0	0.000000E+0	-2.916928E-11
7.284000E+0	3.542000E+0	4.984500E+0	0.000000E+0	0.000000E+0	5.000000E-1	2.775000E+2	4.410000E+3	0.000000E+0	0.000000E+0	2.894657E-12
9.294000E+0	3.543000E+0	4.978400E+0	0.000000E+0	0.000000E+0	5.000000E-1	2.710000E+2	4.400000E+3	0.000000E+0	0.000000E+0	3.686257E-11
1.129900E+1	3.544000E+0	4.970600E+0	0.000000E+0	0.000000E+0	5.000000E-1	2.640000E+2	4.395000E+3	0.000000E+0	0.000000E+0	2.933304E-11
1.330200E+1	3.546000E+0	4.964700E+0	0.000000E+0	0.000000E+0	5.000000E-1	2.565000E+2	4.380000E+3	0.000000E+0	0.000000E+0	1.245476E-11
1.531000E+1	3.548000E+0	4.957600E+0	0.000000E+0	0.000000E+0	5.000000E-1	2.490000E+2	4.375000E+3	0.000000E+0	0.000000E+0	2.793729E-11
1.731800E+1	3.549000E+0	4.950800E+0	0.000000E+0	0.000000E+0	5.000000E-1	2.410000E+2	4.370000E+3	0.000000E+0	0.000000E+0	4.011949E-11
1.932700E+1	3.550000E+0	4.944700E+0	0.000000E+0	0.000000E+0	5.000000E-1	2.330000E+2	4.360000E+3	0.000000E+0	0.000000E+0	4.616887E-11
2.133300E+1	3.551000E+0	4.937800E+0	0.000000E+0	0.000000E+0	5.000000E-1	2.240000E+2	4.350000E+3	0.000000E+0	0.000000E+0	5.090631E-11
2.333600E+1	3.553000E+0	4.930700E+0	0.000000E+0	0.000000E+0	5.000000E-1	2.150000E+2	4.345000E+3	0.000000E+0	0.000000E+0	4.646472E-11
2.531500E+1	3.554000E+0	4.924900E+0	0.000000E+0	0.000000E+0	5.000000E-1	2.060000E+2	4.345000E+3	0.000000E+0	0.000000E+0	-2.543801E-10
2.732200E+1	3.555000E+0	4.917800E+0	0.000000E+0	0.000000E+0	5.000000E-1	1.965000E+2	4.335000E+3	0.000000E+0	0.000000E+0	-2.309031E-10
2.933300E+1	3.557000E+0	4.910900E+0	0.000000E+0	0.000000E+0	5.000000E-1	1.865000E+2	4.330000E+3	0.000000E+0	0.000000E+0	-1.585260E-10
3.131100E+1	3.558000E+0	4.904600E+0	0.000000E+0	0.000000E+0	5.000000E-1	1.765000E+2	4.310000E+3	0.000000E+0	0.000000E+0	-3.183394E-10
3.332200E+1	3.560000E+0	4.897700E+0	0.000000E+0	0.000000E+0	5.000000E-1	1.665000E+2	4.305000E+3	0.000000E+0	0.000000E+0	-3.377568E-10
3.532800E+1	3.561000E+0	4.891700E+0	0.000000E+0	0.000000E+0	5.000000E-1	1.555000E+2	4.300000E+3	0.000000E+0	0.000000E+0	-3.364451E-10
3.730600E+1	3.562000E+0	4.884800E+0	0.000000E+0	0.000000E+0	5.000000E-1	1.465000E+2	4.300000E+3	0.000000E+0	0.000000E+0	-5.924505E-11
3.931400E+1	3.563000E+0	4.877600E+0	0.000000E+0	0.000000E+0	5.000000E-1	1.365000E+2	4.295000E+3	0.000000E+0	0.000000E+0	-9.706222E-11
4.132100E+1	3.565000E+0	4.871800E+0	0.000000E+0	0.000000E+0	5.000000E-1	1.280000E+2	4.285000E+3	0.000000E+0	0.000000E+0	-1.227393E-10
4.329900E+1	3.567000E+0	4.864700E+0	0.000000E+0	0.000000E+0	5.000000E-1	1.180000E+2	4.270000E+3	0.000000E+0	0.000000E+0	2.057671E-11
4.527900E+1	3.568000E+0	4.858900E+0	0.000000E+0	0.000000E+0	5.000000E-1	1.090000E+2	4.280000E+3	0.000000E+0	0.000000E+0	-2.930433E-10
4.728700E+1	3.569000E+0	4.852800E+0	0.000000E+0	0.000000E+0	5.000000E-1	1.005000E+2	4.275000E+3	0.000000E+0	0.000000E+0	-2.534497E-10
4.926400E+1	3.571000E+0	4.846000E+0	0.000000E+0	0.000000E+0	5.000000E-1	9.150000E+1	4.260000E+3	0.000000E+0	0.000000E+0	-2.376712E-10
5.124900E+1	3.572000E+0	4.838800E+0	0.000000E+0	0.000000E+0	5.000000E-1	8.350000E+1	4.270000E+3	0.000000E+0	0.000000E+0	2.066117E-11
5.325800E+1	3.573000E+0	4.832700E+0	0.000000E+0	0.000000E+0	5.000000E-1	7.600000E+1	4.260000E+3	0.000000E+0	0.000000E+0	-8.018891E-12
5.523700E+1	3.575000E+0	4.825600E+0	0.000000E+0	0.000000E+0	5.000000E-1	6.900000E+1	4.255000E+3	0.000000E+0	0.000000E+0	-4.169060E-11
5.721400E+1	3.576000E+0	4.818700E+0	0.000000E+0	0.000000E+0	5.000000E-1	6.250000E+1	4.250000E+3	0.000000E+0	0.000000E+0	-3.404648E-10
5.922400E+1	3.577000E+0	4.812700E+0	0.000000E+0	0.000000E+0	5.000000E-1	5.500000E+1	4.255000E+3	0.000000E+0	0.000000E+0	-3.259536E-10
6.120700E+1	3.578000E+0	4.805800E+0	0.000000E+0	0.000000E+0	5.000000E-1	4.900000E+1	4.250000E+3	0.000000E+0	0.000000E+0	-2.155479E-10
6.318600E+1	3.579000E+0	4.799700E+0	0.000000E+0	0.000000E+0	5.000000E-1	4.300000E+1	4.245000E+3	0.000000E+0	0.000000E+0	4.270004E-11
6.519600E+1	3.581000E+0	4.792800E+0	0.000000E+0	0.000000E+0	5.000000E-1	3.800000E+1	4.245000E+3	0.000000E+0	0.000000E+0	3.229447E-11
6.717600E+1	3.582000E+0	4.785800E+0	0.000000E+0	0.000000E+0	5.000000E-1	3.350000E+1	4.250000E+3	0.000000E+0	0.000000E+0	-1.432977E-10
6.915600E+1	3.583000E+0	4.779900E+0	0.000000E+0	0.000000E+0	5.000000E-1	2.900000E+1	4.235000E+3	0.000000E+0	0.000000E+0	-3.369952E-10
7.116400E+1	3.584000E+0	4.772800E+0	0.000000E+0	0.000000E+0	5.000000E-1	2.550000E+1	4.230000E+3	0.000000E+0	0.000000E+0	-3.472772E-10
7.314300E+1	3.586000E+0	4.766000E+0	0.000000E+0	0.000000E+0	5.000000E-1	2.250000E+1	4.245000E+3	0.000000E+0	0.000000E+0	-7.625051E-11
7.512100E+1	3.587000E+0	4.759900E+0	0.000000E+0	0.000000E+0	5.000000E-1	1.900000E+1	4.230000E+3	0.000000E+0	0.000000E+0	4.163725E-12
7.713300E+1	3.588000E+0	4.753000E+0	0.000000E+0	0.000000E+0	5.000000E-1	1.750000E+1	4.230000E+3	0.000000E+0	0.000000E+0	4.206541E-11
7.911300E+1	3.589000E+0	4.746200E+0	0.000000E+0	0.000000E+0	5.000000E-1	1.550000E+1	4.235000E+3	0.000000E+0	0.000000E+0	-2.482465E-10
8.112300E+1	3.590000E+0	4.740100E+0	0.000000E+0	0.000000E+0	5.000000E-1	1.400000E+1	4.235000E+3	0.000000E+0	0.000000E+0	-1.826377E-10
8.310200E+1	3.592000E+0	4.732700E+0	0.000000E+0	0.000000E+0	5.000000E-1	1.350000E+1	4.225000E+3	0.000000E+0	0.000000E+0	-3.289146E-10
8.508300E+1	3.593000E+0	4.727000E+0	0.000000E+0	0.000000E+0	5.000000E-1	1.300000E+1	4.230000E+3	0.000000E+0	0.000000E+0	6.913359E-12
8.706300E+1	3.594000E+0	4.719800E+0	0.000000E+0	0.000000E+0	5.000000E-1	1.300000E+1	4.225000E+3	0.000000E+0	0.000000E+0	-3.678369E-11
8.907600E+1	3.595000E+0	4.713000E+0	0.000000E+0	0.000000E+0	5.000000E-1	1.300000E+1	4.225000E+3	0.000000E+0	0.000000E+0	3.301298E-11
9.105600E+1	3.596000E+0	4.706900E+0	0.000000E+0	0.000000E+0	5.000000E-1	1.350000E+1	4.230000E+3	0.000000E+0	0.000000E+0	-2.914359E-10
9.304100E+1	3.598000E+0	4.701100E+0	0.000000E+0	0.000000E+0	5.000000E-1	1.400000E+1	4.225000E+3	0.000000E+0	0.000000E+0	-3.232463E-10
9.502000E+1	3.599000E+0	4.694000E+0	0.000000E+0	0.000000E+0	5.000000E-1	1.600000E+1	4.230000E+3	0.000000E+0	0.000000E+0	2.328338E-11
9.702600E+1	3.600000E+0	4.688100E+0	0.000000E+0	0.000000E+0	5.000000E-1	1.750000E+1	4.230000E+3	0.000000E+0	0.000000E+0	2.480663E-11
9.900900E+1	3.601000E+0	4.681000E+0	0.000000E+0	0.000000E+0	5.000000E-1	1.850000E+1	4.225000E+3	0.000000E+0	0.000000E+0	-1.322165E-11
1.009920E+2	3.603000E+0	4.674100E+0	0.000000E+0	0.000000E+0	5.000000E-1	2.100000E+1	4.230000E+3	0.000000E+0	0.000000E+0	-3.354296E-10
1.030020E+2	3.604000E+0	4.668000E+0	0.000000E+0	0.000000E+0	5.000000E-1	2.350000E+1	4.230000E+3	0.000000E+0	0.000000E+0	-2.962159E-10
1.049820E+2	3.605000E+0	4.660900E+0	0.000000E+0	0.000000E+0	5.000000E-1	2.600000E+1	4.225000E+3	0.000000E+0	0.000000E+0	-2.864021E-10
1.069620E+2	3.606000E+0	4.653800E+0	0.000000E+0	0.000000E+0	5.000000E-1	3.000000E+1	4.230000E+3	0.000000E+0	0.000000E+0	4.676082E-11
1.089470E+2	3.608000E+0	4.648000E+0	0.000000E+0	0.000000E+0	5.000000E-1	3.350000E+1	4.225000E+3	0.000000E+0	0.000000E+0	-4.405948E-11
1.109570E+2	3.609000E+0	4.640900E+0	0.000000E+0	0.000000E+0	5.000000E-1	3.800000E+1	4.220000E+3	0.000000E+0	0.000000E+0	1.304662E-11
1.129360E+2	3.610000E+0	4.634000E+0	0.000000E+0	0.000000E+0	5.000000E-1	4.250000E+1	4.225000E+3	0.000000E+0	0.000000E+0	-3.412687E-10
1.149150E+2	3.611000E+0	4.627900E+0	0.000000E+0	0.000000E+0	5.000000E-1	4.750000E+1	4.225000E+3	0.000000E+0	0.000000E+0	-1.803958E-10
1.168940E+2	3.612000E+0	4.621100E+0	0.000000E+0	0.000000E+0	5.000000E-1	5.300000E+1	4.220000E+3	0.000000E+0	0.000000E+0	6.283524E-11
1.188710E+2	3.613000E+0	4.615100E+0	0.000000E+0	0.000000E+0	5.000000E-1	5.850000E+1	4.225000E+3	0.000000E+0	0.000000E+0	-2.971889E-10
1.208520E+2	3.615000E+0	4.608200E+0	0.000000E+0	0.000000E+0	5.000000E-1	6.500000E+1	4.210000E+3	0.000000E+0	0.000000E+0	-3.117827E-10
1.228360E+2	3.616000E+0	4.601300E+0	0.000000E+0	0.000000E+0	5.000000E-1	7.100000E+1	4.225000E+3	0.000000E+0	0.000000E+0	3.470499E-11
1.248190E+2	3.618000E+0	4.595200E+0	0.000000E+0	0.000000E+0	5.000000E-1	7.750000E+1	4.210000E+3	0.000000E+0	0.000000E+0	-4.677175E-12
1.268310E+2	3.619000E+0	4.588400E+0	0.000000E+0	0.000000E+0	5.000000E-1	8.350000E+1	4.205000E+3	0.000000E+0	0.000000E+0	5.665923E-11
1.288150E+2	3.620000E+0	4.581300E+0	0.000000E+0	0.000000E+0	5.000000E-1	9.000000E+1	4.210000E+3	0.000000E+0	0.000000E+0	-2.310724E-10
1.308010E+2	3.621000E+0	4.576500E+0	0.000000E+0	0.000000E+0	5.000000E-1	9.650000E+1	4.205000E+3	0.000000E+0	0.000000E+0	-3.759650E-10
1.327810E+2	3.622000E+0	4.569400E+0	0.000000E+0	0.000000E+0	5.000000E-1	1.025000E+2	4.210000E+3	0.000000E+0	0.000000E+0	-3.805278E-11
1.347650E+2	3.623000E+0	4.562000E+0	0.000000E+0	0.000000E+0	5.000000E-1	1.090000E+2	4.200000E+3	0.000000E+0	0.000000E+0	5.877449E-11
1.367410E+2	3.624000E+0	4.556200E+0	0.000000E+0	0.000000E+0	5.000000E-1	1.150000E+2	4.205000E+3	0.000000E+0	0.000000E+0	-3.513815E-10
1.387220E+2	3.626000E+0	4.549300E+0	0.000000E+0	0.000000E+0	5.000000E-1	1.205000E+2	4.195000E+3	0.000000E+0	0.000000E+0	-2.420706E-10
1.407360E+2	3.627000E+0	4.542100E+0	0.000000E+0	0.000000E+0	5.000000E-1	1.265000E+2	4.185000E+3	0.000000E+0	0.000000E+0	-3.540048E-10
1.427190E+2	3.628000E+0	4.536400E+0	0.000000E+0	0.000000E+0	5.000000E-1	1.325000E+2	4.195000E+3	0.000000E+0	0.000000E+0	4.882844E-12
1.447040E+2	3.629000E+0	4.529200E+0	0.000000E+0	0.000000E+0	5.000000E-1	1.380000E+2	4.180000E+3	0.000000E+0	0.000000E+0	5.458656E-11
1.466800E+2	3.631000E+0	4.523400E+0	0.000000E+0	0.000000E+0	5.000000E-1	1.430000E+2	4.185000E+3	0.000000E+0	0.000000E+0	-3.647945E-10
1.486590E+2	3.632000E+0	4.516300E+0	0.000000E+0	0.000000E+0	5.000000E-1	1.480000E+2	4.180000E+3	0.000000E+0	0.000000E+0	-2.079336E-10
1.506350E+2	3.633000E+0	4.509500E+0	0.000000E+0	0.000000E+0	5.000000E-1	1.530000E+2	4.170000E+3	0.000000E+0	0.000000E+0	7.831774E-11
1.526100E+2	3.634000E+0	4.503400E+0	0.000000E+0	0.000000E+0	5.000000E-1	1.575000E+2	4.170000E+3	0.000000E+0	0.000000E+0	-3.532855E-10
1.545920E+2	3.635000E+0	4.496500E+0	0.000000E+0	0.000000E+0	5.000000E-1	1.615000E+2	4.155000E+3	0.000000E+0	0.000000E+0	-2.561569E-10
1.566040E+2	3.636000E+0	4.489100E+0	0.000000E+0	0.000000E+0	5.000000E-1	1.660000E+2	4.150000E+3	0.000000E+0	0.000000E+0	-3.538356E-10
1.585890E+2	3.637000E+0	4.483300E+0	0.000000E+0	0.000000E+0	5.000000E-1	1.705000E+2	4.155000E+3	0.000000E+0	0.000000E+0	-2.012196E-12
1.605680E+2	3.639000E+0	4.476200E+0	0.000000E+0	0.000000E+0	5.000000E-1	1.750000E+2	4.135000E+3	0.000000E+0	0.000000E+0	1.406208E-11
1.625460E+2	3.640000E+0	4.470400E+0	0.000000E+0	0.000000E+0	5.000000E-1	1.785000E+2	4.130000E+3	0.000000E+0	0.000000E+0	-3.887011E-10
1.645250E+2	3.641000E+0	4.464300E+0	0.000000E+0	0.000000E+0	5.000000E-1	1.830000E+2	4.130000E+3	0.000000E+0	0.000000E+0	-1.237124E-10
1.665050E+2	3.642000E+0	4.457500E+0	0.000000E+0	0.000000E+0	5.000000E-1	1.860000E+2	4.120000E+3	0.000000E+0	0.000000E+0	7.831741E-11
1.684850E+2	3.643000E+0	4.450400E+0	0.000000E+0	0.000000E+0	5.000000E-1	1.900000E+2	4.125000E+3	0.000000E+0	0.000000E+0	-2.964697E-10
1.704690E+2	3.644000E+0	4.444600E+0	0.000000E+0	0.000000E+0	5.000000E-1	1.935000E+2	4.105000E+3	0.000000E+0	0.000000E+0	-3.686026E-10
1.724760E+2	3.646000E+0	4.437500E+0	0.000000E+0	0.000000E+0	5.000000E-1	1.965000E+2	4.095000E+3	0.000000E+0	0.000000E+0	-3.797308E-10
1.744590E+2	3.647000E+0	4.430600E+0	0.000000E+0	0.000000E+0	5.000000E-1	2.005000E+2	4.105000E+3	0.000000E+0	0.000000E+0	-8.822859E-12
1.764380E+2	3.648000E+0	4.424500E+0	0.000000E+0	0.000000E+0	5.000000E-1	2.035000E+2	4.085000E+3	0.000000E+0	0.000000E+0	2.446832E-11
1.784160E+2	3.649000E+0	4.417700E+0	0.000000E+0	0.000000E+0	5.000000E-1	2.065000E+2	4.080000E+3	0.000000E+0	0.000000E+0	-3.955557E-10
1.803950E+2	3.650000E+0	4.411600E+0	0.000000E+0	0.000000E+0	5.000000E-1	2.100000E+2	4.080000E+3	0.000000E+0	0.000000E+0	-1.315379E-10
1.823700E+2	3.651000E+0	4.404700E+0	0.000000E+0	0.000000E+0	5.000000E-1	2.125000E+2	4.060000E+3	0.000000E+0	0.000000E+0	6.190456E-11
1.843500E+2	3.652000E+0	4.397500E+0	0.000000E+0	0.000000E+0	5.000000E-1	2.155000E+2	4.070000E+3	0.000000E+0	0.000000E+0	-3.583207E-10
1.863590E+2	3.654000E+0	4.391700E+0	0.000000E+0	0.000000E+0	5.000000E-1	2.180000E+2	4.060000E+3	0.000000E+0	0.000000E+0	-3.045916E-10
1.883380E+2	3.655000E+0	4.384600E+0	0.000000E+0	0.000000E+0	5.000000E-1	2.205000E+2	4.045000E+3	0.000000E+0	0.000000E+0	-2.966813E-10
1.903160E+2	3.656000E+0	4.377700E+0	0.000000E+0	0.000000E+0	5.000000E-1	2.230000E+2	4.035000E+3	0.000000E+0	0.000000E+0	1.044596E-10
1.922960E+2	3.657000E+0	4.371600E+0	0.000000E+0	0.000000E+0	5.000000E-1	2.255000E+2	4.035000E+3	0.000000E+0	0.000000E+0	-1.852180E-10
1.942750E+2	3.658000E+0	4.365800E+0	0.000000E+0	0.000000E+0	5.000000E-1	2.280000E+2	4.020000E+3	0.000000E+0	0.000000E+0	-3.903936E-10
1.962530E+2	3.660000E+0	4.358700E+0	0.000000E+0	0.000000E+0	5.000000E-1	2.305000E+2	4.020000E+3	0.000000E+0	0.000000E+0	6.118564E-11
1.982280E+2	3.661000E+0	4.351900E+0	0.000000E+0	0.000000E+0	5.000000E-1	2.335000E+2	4.010000E+3	0.000000E+0	0.000000E+0	-1.257850E-10
2.002040E+2	3.662000E+0	4.345800E+0	0.000000E+0	0.000000E+0	5.000000E-1	2.355000E+2	4.000000E+3	0.000000E+0	0.000000E+0	-3.935248E-10
2.021840E+2	3.663000E+0	4.338900E+0	0.000000E+0	0.000000E+0	5.000000E-1	2.375000E+2	4.005000E+3	0.000000E+0	0.000000E+0	3.538236E-11
2.041720E+2	3.664000E+0	4.332100E+0	0.000000E+0	0.000000E+0	5.000000E-1	2.390000E+2	3.985000E+3	0.000000E+0	0.000000E+0	9.659129E-11
2.061510E+2	3.665000E+0	4.326000E+0	0.000000E+0	0.000000E+0	5.000000E-1	2.415000E+2	3.985000E+3	0.000000E+0	0.000000E+0	-3.366990E-10
2.081320E+2	3.666000E+0	4.319200E+0	0.000000E+0	0.000000E+0	5.000000E-1	2.435000E+2	3.975000E+3	0.000000E+0	0.000000E+0	-3.193546E-10
2.101120E+2	3.668000E+0	4.312000E+0	0.000000E+0	0.000000E+0	5.000000E-1	2.455000E+2	3.970000E+3	0.000000E+0	0.000000E+0	9.917167E-11
2.120920E+2	3.669000E+0	4.306200E+0	0.000000E+0	0.000000E+0	5.000000E-1	2.475000E+2	3.960000E+3	0.000000E+0	0.000000E+0	-1.075956E-10
2.140740E+2	3.670000E+0	4.299100E+0	0.000000E+0	0.000000E+0	5.000000E-1	2.490000E+2	3.955000E+3	0.000000E+0	0.000000E+0	-4.261900E-10
2.160840E+2	3.671000E+0	4.292200E+0	0.000000E+0	0.000000E+0	5.000000E-1	2.510000E+2	3.950000E+3	0.000000E+0	0.000000E+0	-4.018603E-10
2.180620E+2	3.672000E+0	4.286100E+0	0.000000E+0	0.000000E+0	5.000000E-1	2.530000E+2	3.945000E+3	0.000000E+0	0.000000E+0	-1.339069E-10
2.200410E+2	3.673000E+0	4.280300E+0	0.000000E+0	0.000000E+0	5.000000E-1	2.540000E+2	3.930000E+3	0.000000E+0	0.000000E+0	1.047556E-10
2.220250E+2	3.675000E+0	4.273200E+0	0.000000E+0	0.000000E+0	5.000000E-1	2.560000E+2	3.930000E+3	0.000000E+0	0.000000E+0	-2.385173E-10
2.240060E+2	3.676000E+0	4.267400E+0	0.000000E+0	0.000000E+0	5.000000E-1	2.575000E+2	3.910000E+3	0.000000E+0	0.000000E+0	-3.832427E-10
2.259860E+2	3.677000E+0	4.260300E+0	0.000000E+0	0.000000E+0	5.000000E-1	2.585000E+2	3.920000E+3	0.000000E+0	0.000000E+0	6.731929E-11
2.279660E+2	3.678000E+0	4.253400E+0	0.000000E+0	0.000000E+0	5.000000E-1	2.605000E+2	3.905000E+3	0.000000E+0	0.000000E+0	-7.511269E-12
2.299460E+2	3.679000E+0	4.247300E+0	0.000000E+0	0.000000E+0	5.000000E-1	2.615000E+2	3.900000E+3	0.000000E+0	0.000000E+0	-4.144695E-10
2.319280E+2	3.680000E+0	4.240400E+0	0.000000E+0	0.000000E+0	5.000000E-1	2.635000E+2	3.885000E+3	0.000000E+0	0.000000E+0	-1.844989E-10
2.339070E+2	3.682000E+0	4.233600E+0	0.000000E+0	0.000000E+0	5.000000E-1	2.640000E+2	3.875000E+3	0.000000E+0	0.000000E+0	1.183767E-10
2.358880E+2	3.683000E+0	4.227500E+0	0.000000E+0	0.000000E+0	5.000000E-1	2.660000E+2	3.880000E+3	0.000000E+0	0.000000E+0	-2.574682E-10
2.378670E+2	3.684000E+0	4.220700E+0	0.000000E+0	0.000000E+0	5.000000E-1	2.675000E+2	3.860000E+3	0.000000E+0	0.000000E+0	-3.636098E-10
2.398460E+2	3.685000E+0	4.213500E+0	0.000000E+0	0.000000E+0	5.000000E-1	2.680000E+2	3.870000E+3	0.000000E+0	0.000000E+0	9.375759E-11
2.418310E+2	3.686000E+0	4.207700E+0	0.000000E+0	0.000000E+0	5.000000E-1	2.690000E+2	3.850000E+3	0.000000E+0	0.000000E+0	-2.778333E-13
2.438110E+2	3.687000E+0	4.200600E+0	0.000000E+0	0.000000E+0	5.000000E-1	2.705000E+2	3.850000E+3	0.000000E+0	0.000000E+0	-4.092227E-10
2.457910E+2	3.689000E+0	4.194700E+0	0.000000E+0	0.000000E+0	5.000000E-1	2.715000E+2	3.845000E+3	0.000000E+0	0.000000E+0	-1.694396E-10
2.478020E+2	3.690000E+0	4.187600E+0	0.000000E+0	0.000000E+0	5.000000E-1	2.725000E+2	3.830000E+3	0.000000E+0	0.000000E+0	-2.838640E-10
2.497820E+2	3.691000E+0	4.181800E+0	0.000000E+0	0.000000E+0	5.000000E-1	2.730000E+2	3.825000E+3	0.000000E+0	0.000000E+0	1.206610E-10
2.517610E+2	3.692000E+0	4.174700E+0	0.000000E+0	0.000000E+0	5.000000E-1	2.740000E+2	3.820000E+3	0.000000E+0	0.000000E+0	-1.701588E-10
2.537410E+2	3.693000E+0	4.168900E+0	0.000000E+0	0.000000E+0	5.000000E-1	2.750000E+2	3.805000E+3	0.000000E+0	0.000000E+0	-4.070647E-10
2.557210E+2	3.695000E+0	4.161800E+0	0.000000E+0	0.000000E+0	5.000000E-1	2.755000E+2	3.810000E+3	0.000000E+0	0.000000E+0	2.616030E-11
2.577000E+2	3.696000E+0	4.154900E+0	0.000000E+0	0.000000E+0	5.000000E-1	2.760000E+2	3.795000E+3	0.000000E+0	0.000000E+0	3.174397E-11
2.596860E+2	3.697000E+0	4.148800E+0	0.000000E+0	0.000000E+0	5.000000E-1	2.765000E+2	3.795000E+3	0.000000E+0	0.000000E+0	-3.618326E-10
2.616650E+2	3.698000E+0	4.142000E+0	0.000000E+0	0.000000E+0	5.000000E-1	2.775000E+2	3.780000E+3	0.000000E+0	0.000000E+0	-2.734579E-10
2.636450E+2	3.699000E+0	4.134900E+0	0.000000E+0	0.000000E+0	5.000000E-1	2.775000E+2	3.775000E+3	0.000000E+0	0.000000E+0	1.258640E-10
2.656230E+2	3.701000E+0	4.129100E+0	0.000000E+0	0.000000E+0	5.000000E-1	2.780000E+2	3.775000E+3	0.000000E+0	0.000000E+0	-2.095410E-10
2.676020E+2	3.702000E+0	4.121900E+0	0.000000E+0	0.000000E+0	5.000000E-1	2.785000E+2	3.755000E+3	0.000000E+0	0.000000E+0	-3.934401E-10
2.695860E+2	3.702000E+0	4.115000E+0	0.000000E+0	0.000000E+0	5.000000E-1	2.785000E+2	3.760000E+3	0.000000E+0	0.000000E+0	-6.453560E-12
2.715610E+2	3.704000E+0	4.108900E+0	0.000000E+0	0.000000E+0	5.000000E-1	2.790000E+2	3.745000E+3	0.000000E+0	0.000000E+0	-2.629300E-11
2.735410E+2	3.705000E+0	4.103100E+0	0.000000E+0	0.000000E+0	5.000000E-1	2.800000E+2	3.735000E+3	0.000000E+0	0.000000E+0	-4.206047E-10
2.755210E+2	3.706000E+0	4.095900E+0	0.000000E+0	0.000000E+0	5.000000E-1	2.800000E+2	3.735000E+3	0.000000E+0	0.000000E+0	-1.156327E-10
2.775320E+2	3.707000E+0	4.090100E+0	0.000000E+0	0.000000E+0	5.000000E-1	2.805000E+2	3.725000E+3	0.000000E+0	0.000000E+0	-2.242195E-10
2.795160E+2	3.709000E+0	4.083000E+0	0.000000E+0	0.000000E+0	5.000000E-1	2.805000E+2	3.720000E+3	0.000000E+0	0.000000E+0	1.206611E-10
2.814990E+2	3.710000E+0	4.076100E+0	0.000000E+0	0.000000E+0	5.000000E-1	2.810000E+2	3.705000E+3	0.000000E+0	0.000000E+0	-9.071752E-11
2.834890E+2	3.711000E+0	4.070100E+0	0.000000E+0	0.000000E+0	5.000000E-1	2.810000E+2	3.710000E+3	0.000000E+0	0.000000E+0	-3.664447E-10
2.854680E+2	3.712000E+0	4.063200E+0	0.000000E+0	0.000000E+0	5.000000E-1	2.810000E+2	3.700000E+3	0.000000E+0	0.000000E+0	-2.414784E-10
2.874440E+2	3.713000E+0	4.056400E+0	0.000000E+0	0.000000E+0	5.000000E-1	2.810000E+2	3.685000E+3	0.000000E+0	0.000000E+0	1.223525E-10
2.894280E+2	3.714000E+0	4.050300E+0	0.000000E+0	0.000000E+0	5.000000E-1	2.810000E+2	3.685000E+3	0.000000E+0	0.000000E+0	-1.915210E-10
2.914110E+2	3.716000E+0	4.043400E+0	0.000000E+0	0.000000E+0	5.000000E-1	2.810000E+2	3.675000E+3	0.000000E+0	0.000000E+0	-4.191238E-10
2.933910E+2	3.717000E+0	4.036300E+0	0.000000E+0	0.000000E+0	5.000000E-1	2.810000E+2	3.675000E+3	0.000000E+0	0.000000E+0	-1.186834E-11
2.953720E+2	3.718000E+0	4.030500E+0	0.000000E+0	0.000000E+0	5.000000E-1	2.815000E+2	3.655000E+3	0.000000E+0	0.000000E+0	6.833423E-11
2.973570E+2	3.719000E+0	4.023400E+0	0.000000E+0	0.000000E+0	5.000000E-1	2.815000E+2	3.660000E+3	0.000000E+0	0.000000E+0	-3.036186E-10
2.993440E+2	3.720000E+0	4.016500E+0	0.000000E+0	0.000000E+0	5.000000E-1	2.815000E+2	3.645000E+3	0.000000E+0	0.000000E+0	-4.103228E-10
3.013250E+2	3.722000E+0	4.010400E+0	0.000000E+0	0.000000E+0	5.000000E-1	2.815000E+2	3.650000E+3	0.000000E+0	0.000000E+0	-1.716044E-12
3.033060E+2	3.723000E+0	4.003600E+0	0.000000E+0	0.000000E+0	5.000000E-1	2.810000E+2	3.630000E+3	0.000000E+0	0.000000E+0	6.562687E-11
3.052930E+2	3.724000E+0	3.997500E+0	0.000000E+0	0.000000E+0	5.000000E-1	2.815000E+2	3.630000E+3	0.000000E+0	0.000000E+0	-2.638980E-10
3.073040E+2	3.725000E+0	3.990600E+0	0.000000E+0	0.000000E+0	5.000000E-1	2.810000E+2	3.625000E+3	0.000000E+0	0.000000E+0	-1.691013E-10
3.092860E+2	3.726000E+0	3.984500E+0	0.000000E+0	0.000000E+0	5.000000E-1	2.810000E+2	3.610000E+3	0.000000E+0	0.000000E+0	-4.149771E-10
3.112710E+2	3.727000E+0	3.977700E+0	0.000000E+0	0.000000E+0	5.000000E-1	2.805000E+2	3.610000E+3	0.000000E+0	0.000000E+0	-1.044231E-10
3.132550E+2	3.729000E+0	3.970800E+0	0.000000E+0	0.000000E+0	5.000000E-1	2.805000E+2	3.600000E+3	0.000000E+0	0.000000E+0	1.218452E-10
3.152390E+2	3.730000E+0	3.964700E+0	0.000000E+0	0.000000E+0	5.000000E-1	2.800000E+2	3.595000E+3	0.000000E+0	0.000000E+0	-1.731622E-10
3.172230E+2	3.731000E+0	3.957800E+0	0.000000E+0	0.000000E+0	5.000000E-1	2.790000E+2	3.580000E+3	0.000000E+0	0.000000E+0	-4.151887E-10
3.192010E+2	3.732000E+0	3.951800E+0	0.000000E+0	0.000000E+0	5.000000E-1	2.790000E+2	3.585000E+3	0.000000E+0	0.000000E+0	-1.825598E-11
3.211840E+2	3.734000E+0	3.944900E+0	0.000000E+0	0.000000E+0	5.000000E-1	2.790000E+2	3.570000E+3	0.000000E+0	0.000000E+0	9.544907E-11
3.231640E+2	3.734000E+0	3.937800E+0	0.000000E+0	0.000000E+0	5.000000E-1	2.785000E+2	3.570000E+3	0.000000E+0	0.000000E+0	-3.300145E-10
3.251430E+2	3.736000E+0	3.932000E+0	0.000000E+0	0.000000E+0	5.000000E-1	2.780000E+2	3.555000E+3	0.000000E+0	0.000000E+0	-2.643210E-10
3.271230E+2	3.737000E+0	3.924800E+0	0.000000E+0	0.000000E+0	5.000000E-1	2.775000E+2	3.555000E+3	0.000000E+0	0.000000E+0	1.195189E-10
3.291030E+2	3.738000E+0	3.918000E+0	0.000000E+0	0.000000E+0	5.000000E-1	2.765000E+2	3.550000E+3	0.000000E+0	0.000000E+0	-1.732046E-10
3.310840E+2	3.739000E+0	3.911900E+0	0.000000E+0	0.000000E+0	5.000000E-1	2.760000E+2	3.535000E+3	0.000000E+0	0.000000E+0	-4.074878E-10
3.330680E+2	3.741000E+0	3.904800E+0	0.000000E+0	0.000000E+0	5.000000E-1	2.750000E+2	3.530000E+3	0.000000E+0	0.000000E+0	-7.481241E-11
3.350600E+2	3.742000E+0	3.897600E+0	0.000000E+0	0.000000E+0	5.000000E-1	2.740000E+2	3.530000E+3	0.000000E+0	0.000000E+0	1.003982E-10
3.370720E+2	3.743000E+0	3.891800E+0	0.000000E+0	0.000000E+0	5.000000E-1	2.735000E+2	3.525000E+3	0.000000E+0	0.000000E+0	3.995027E-11
3.390580E+2	3.744000E+0	3.884700E+0	0.000000E+0	0.000000E+0	5.000000E-1	2.725000E+2	3.505000E+3	0.000000E+0	0.000000E+0	7.979792E-11
3.410380E+2	3.746000E+0	3.878900E+0	0.000000E+0	0.000000E+0	5.000000E-1	2.710000E+2	3.505000E+3	0.000000E+0	0.000000E+0	-3.487158E-10
3.430170E+2	3.746000E+0	3.872800E+0	0.000000E+0	0.000000E+0	5.000000E-1	2.705000E+2	3.495000E+3	0.000000E+0	0.000000E+0	-2.528996E-10
3.449970E+2	3.748000E+0	3.865900E+0	0.000000E+0	0.000000E+0	5.000000E-1	2.685000E+2	3.485000E+3	0.000000E+0	0.000000E+0	1.107623E-10
3.469780E+2	3.749000E+0	3.858800E+0	0.000000E+0	0.000000E+0	5.000000E-1	2.675000E+2	3.480000E+3	0.000000E+0	0.000000E+0	-1.803534E-10
3.489630E+2	3.750000E+0	3.853000E+0	0.000000E+0	0.000000E+0	5.000000E-1	2.660000E+2	3.470000E+3	0.000000E+0	0.000000E+0	-4.090111E-10
3.509460E+2	3.751000E+0	3.845600E+0	0.000000E+0	0.000000E+0	5.000000E-1	2.640000E+2	3.470000E+3	0.000000E+0	0.000000E+0	-1.237120E-10
3.529280E+2	3.752000E+0	3.839600E+0	0.000000E+0	0.000000E+0	5.000000E-1	2.625000E+2	3.455000E+3	0.000000E+0	0.000000E+0	1.095780E-10
3.549120E+2	3.753000E+0	3.832700E+0	0.000000E+0	0.000000E+0	5.000000E-1	2.605000E+2	3.455000E+3	0.000000E+0	0.000000E+0	-1.859371E-10
3.568910E+2	3.754000E+0	3.825800E+0	0.000000E+0	0.000000E+0	5.000000E-1	2.585000E+2	3.435000E+3	0.000000E+0	0.000000E+0	-3.765151E-10
3.588710E+2	3.755000E+0	3.819800E+0	0.000000E+0	0.000000E+0	5.000000E-1	2.575000E+2	3.445000E+3	0.000000E+0	0.000000E+0	3.242062E-11
3.608500E+2	3.757000E+0	3.812800E+0	0.000000E+0	0.000000E+0	5.000000E-1	2.550000E+2	3.425000E+3	0.000000E+0	0.000000E+0	-3.225731E-11
3.628300E+2	3.758000E+0	3.805700E+0	0.000000E+0	0.000000E+0	5.000000E-1	2.525000E+2	3.420000E+3	0.000000E+0	0.000000E+0	-3.990254E-10
3.648170E+2	3.758000E+0	3.799900E+0	0.000000E+0	0.000000E+0	5.000000E-1	2.490000E+2	3.410000E+3	0.000000E+0	0.000000E+0	-2.426205E-10
3.668300E+2	3.760000E+0	3.792700E+0	0.000000E+0	0.000000E+0	5.000000E-1	2.475000E+2	3.400000E+3	0.000000E+0	0.000000E+0	-3.521431E-10
3.688160E+2	3.761000E+0	3.785800E+0	0.000000E+0	0.000000E+0	5.000000E-1	2.440000E+2	3.400000E+3	0.000000E+0	0.000000E+0	-2.358561E-11
3.707990E+2	3.762000E+0	3.780800E+0	0.000000E+0	0.000000E+0	5.000000E-1	2.410000E+2	3.385000E+3	0.000000E+0	0.000000E+0	7.176079E-11
3.727820E+2	3.763000E+0	3.773900E+0	0.000000E+0	0.000000E+0	5.000000E-1	2.385000E+2	3.385000E+3	0.000000E+0	0.000000E+0	-2.866982E-10
3.747610E+2	3.765000E+0	3.766800E+0	0.000000E+0	0.000000E+0	5.000000E-1	2.350000E+2	3.375000E+3	0.000000E+0	0.000000E+0	-3.079756E-10
3.767410E+2	3.765000E+0	3.761000E+0	0.000000E+0	0.000000E+0	5.000000E-1	2.315000E+2	3.370000E+3	0.000000E+0	0.000000E+0	8.170206E-11
3.787200E+2	3.766000E+0	3.753900E+0	0.000000E+0	0.000000E+0	5.000000E-1	2.280000E+2	3.360000E+3	0.000000E+0	0.000000E+0	-1.210896E-10
3.807010E+2	3.768000E+0	3.747600E+0	0.000000E+0	0.000000E+0	5.000000E-1	2.235000E+2	3.345000E+3	0.000000E+0	0.000000E+0	-3.903090E-10
3.826820E+2	3.769000E+0	3.740700E+0	0.000000E+0	0.000000E+0	5.000000E-1	2.200000E+2	3.345000E+3	0.000000E+0	0.000000E+0	-5.653825E-11
3.846700E+2	3.770000E+0	3.733800E+0	0.000000E+0	0.000000E+0	5.000000E-1	2.150000E+2	3.330000E+3	0.000000E+0	0.000000E+0	1.029368E-10
3.866530E+2	3.771000E+0	3.727800E+0	0.000000E+0	0.000000E+0	5.000000E-1	2.100000E+2	3.330000E+3	0.000000E+0	0.000000E+0	-1.713433E-10
3.886350E+2	3.772000E+0	3.720900E+0	0.000000E+0	0.000000E+0	5.000000E-1	2.050000E+2	3.320000E+3	0.000000E+0	0.000000E+0	-3.851046E-10
3.906190E+2	3.773000E+0	3.713800E+0	0.000000E+0	0.000000E+0	5.000000E-1	1.990000E+2	3.320000E+3	0.000000E+0	0.000000E+0	-1.077225E-10
3.925980E+2	3.774000E+0	3.708000E+0	0.000000E+0	0.000000E+0	5.000000E-1	1.935000E+2	3.300000E+3	0.000000E+0	0.000000E+0	6.736151E-11
3.945780E+2	3.775000E+0	3.700800E+0	0.000000E+0	0.000000E+0	5.000000E-1	1.875000E+2	3.300000E+3	0.000000E+0	0.000000E+0	-3.247268E-10
3.965570E+2	3.776000E+0	3.694000E+0	0.000000E+0	0.000000E+0	5.000000E-1	1.805000E+2	3.285000E+3	0.000000E+0	0.000000E+0	-2.622059E-10
3.985340E+2	3.778000E+0	3.689000E+0	0.000000E+0	0.000000E+0	5.000000E-1	1.735000E+2	3.275000E+3	0.000000E+0	0.000000E+0	9.062701E-11
4.005150E+2	3.779000E+0	3.682100E+0	0.000000E+0	0.000000E+0	5.000000E-1	1.660000E+2	3.275000E+3	0.000000E+0	0.000000E+0	-2.115292E-10
4.024980E+2	3.780000E+0	3.674700E+0	0.000000E+0	0.000000E+0	5.000000E-1	1.585000E+2	3.260000E+3	0.000000E+0	0.000000E+0	-3.778268E-10
4.044830E+2	3.781000E+0	3.668600E+0	0.000000E+0	0.000000E+0	5.000000E-1	1.505000E+2	3.260000E+3	0.000000E+0	0.000000E+0	-1.000237E-10
4.064640E+2	3.782000E+0	3.661600E+0	0.000000E+0	0.000000E+0	5.000000E-1	1.425000E+2	3.245000E+3	0.000000E+0	0.000000E+0	7.133766E-11
4.084440E+2	3.784000E+0	3.654800E+0	0.000000E+0	0.000000E+0	5.000000E-1	1.340000E+2	3.250000E+3	0.000000E+0	0.000000E+0	-2.978233E-10
4.104240E+2	3.784000E+0	3.648700E+0	0.000000E+0	0.000000E+0	5.000000E-1	1.255000E+2	3.235000E+3	0.000000E+0	0.000000E+0	-2.970620E-10
4.124040E+2	3.786000E+0	3.641900E+0	0.000000E+0	0.000000E+0	5.000000E-1	1.165000E+2	3.230000E+3	0.000000E+0	0.000000E+0	6.021270E-11
4.143870E+2	3.787000E+0	3.635800E+0	0.000000E+0	0.000000E+0	5.000000E-1	1.080000E+2	3.225000E+3	0.000000E+0	0.000000E+0	-5.412673E-11
4.163760E+2	3.788000E+0	3.628900E+0	0.000000E+0	0.000000E+0	5.000000E-1	9.900000E+1	3.225000E+3	0.000000E+0	0.000000E+0	-3.255305E-10
4.183610E+2	3.789000E+0	3.621800E+0	0.000000E+0	0.000000E+0	5.000000E-1	9.100000E+1	3.210000E+3	0.000000E+0	0.000000E+0	-3.077641E-10
4.203440E+2	3.790000E+0	3.616000E+0	0.000000E+0	0.000000E+0	5.000000E-1	8.350000E+1	3.220000E+3	0.000000E+0	0.000000E+0	2.865636E-11
4.223280E+2	3.791000E+0	3.608800E+0	0.000000E+0	0.000000E+0	5.000000E-1	7.550000E+1	3.205000E+3	0.000000E+0	0.000000E+0	1.520445E-11
4.243100E+2	3.792000E+0	3.602000E+0	0.000000E+0	0.000000E+0	5.000000E-1	6.850000E+1	3.205000E+3	0.000000E+0	0.000000E+0	-3.224849E-10
4.262900E+2	3.794000E+0	3.597000E+0	0.000000E+0	0.000000E+0	5.000000E-1	6.100000E+1	3.200000E+3	0.000000E+0	0.000000E+0	-2.272652E-10
4.283050E+2	3.795000E+0	3.590100E+0	0.000000E+0	0.000000E+0	5.000000E-1	5.500000E+1	3.195000E+3	0.000000E+0	0.000000E+0	-3.361066E-10
4.302860E+2	3.796000E+0	3.583000E+0	0.000000E+0	0.000000E+0	5.000000E-1	4.850000E+1	3.200000E+3	0.000000E+0	0.000000E+0	-8.991974E-12
4.322700E+2	3.797000E+0	3.576700E+0	0.000000E+0	0.000000E+0	5.000000E-1	4.350000E+1	3.185000E+3	0.000000E+0	0.000000E+0	2.226860E-11
4.342510E+2	3.799000E+0	3.569800E+0	0.000000E+0	0.000000E+0	5.000000E-1	3.850000E+1	3.195000E+3	0.000000E+0	0.000000E+0	-3.185086E-10
4.362350E+2	3.799000E+0	3.562900E+0	0.000000E+0	0.000000E+0	5.000000E-1	3.500000E+1	3.180000E+3	0.000000E+0	0.000000E+0	-2.831449E-10
4.382190E+2	3.801000E+0	3.556800E+0	0.000000E+0	0.000000E+0	5.000000E-1	3.150000E+1	3.185000E+3	0.000000E+0	0.000000E+0	1.854594E-11
4.401980E+2	3.802000E+0	3.549900E+0	0.000000E+0	0.000000E+0	5.000000E-1	2.850000E+1	3.180000E+3	0.000000E+0	0.000000E+0	-7.028605E-11
4.421840E+2	3.803000E+0	3.543900E+0	0.000000E+0	0.000000E+0	5.000000E-1	2.750000E+1	3.180000E+3	0.000000E+0	0.000000E+0	-3.259959E-10
4.441630E+2	3.804000E+0	3.537000E+0	0.000000E+0	0.000000E+0	5.000000E-1	2.650000E+1	3.180000E+3	0.000000E+0	0.000000E+0	-1.855986E-10
4.461440E+2	3.805000E+0	3.529900E+0	0.000000E+0	0.000000E+0	5.000000E-1	2.600000E+1	3.180000E+3	0.000000E+0	0.000000E+0	5.162581E-11
4.481270E+2	3.806000E+0	3.524000E+0	0.000000E+0	0.000000E+0	5.000000E-1	2.650000E+1	3.180000E+3	0.000000E+0	0.000000E+0	-1.670708E-10
4.501110E+2	3.807000E+0	3.516900E+0	0.000000E+0	0.000000E+0	5.000000E-1	2.850000E+1	3.175000E+3	0.000000E+0	0.000000E+0	-3.385184E-10
4.520920E+2	3.808000E+0	3.510000E+0	0.000000E+0	0.000000E+0	5.000000E-1	3.050000E+1	3.180000E+3	0.000000E+0	0.000000E+0	-8.576795E-11
4.540720E+2	3.810000E+0	3.503700E+0	0.000000E+0	0.000000E+0	5.000000E-1	3.300000E+1	3.170000E+3	0.000000E+0	0.000000E+0	2.209979E-11
4.560570E+2	3.811000E+0	3.496500E+0	0.000000E+0	0.000000E+0	5.000000E-1	3.600000E+1	3.180000E+3	0.000000E+0	0.000000E+0	-2.375443E-10
4.580390E+2	3.811000E+0	3.490700E+0	0.000000E+0	0.000000E+0	5.000000E-1	4.050000E+1	3.170000E+3	0.000000E+0	0.000000E+0	-2.990078E-10
4.600220E+2	3.812000E+0	3.484700E+0	0.000000E+0	0.000000E+0	5.000000E-1	4.550000E+1	3.175000E+3	0.000000E+0	0.000000E+0	-2.891554E-11
4.620060E+2	3.814000E+0	3.477800E+0	0.000000E+0	0.000000E+0	5.000000E-1	5.100000E+1	3.170000E+3	0.000000E+0	0.000000E+0	6.870726E-12
4.639890E+2	3.815000E+0	3.470700E+0	0.000000E+0	0.000000E+0	5.000000E-1	5.750000E+1	3.180000E+3	0.000000E+0	0.000000E+0	-2.658861E-10
4.659730E+2	3.816000E+0	3.464900E+0	0.000000E+0	0.000000E+0	5.000000E-1	6.400000E+1	3.170000E+3	0.000000E+0	0.000000E+0	-2.961736E-10
4.679530E+2	3.816000E+0	3.457700E+0	0.000000E+0	0.000000E+0	5.000000E-1	7.150000E+1	3.175000E+3	0.000000E+0	0.000000E+0	-4.930972E-12
4.699340E+2	3.818000E+0	3.450800E+0	0.000000E+0	0.000000E+0	5.000000E-1	7.900000E+1	3.170000E+3	0.000000E+0	0.000000E+0	-7.430470E-11
4.719190E+2	3.819000E+0	3.444800E+0	0.000000E+0	0.000000E+0	5.000000E-1	8.750000E+1	3.175000E+3	0.000000E+0	0.000000E+0	-3.031956E-10
4.739060E+2	3.820000E+0	3.437900E+0	0.000000E+0	0.000000E+0	5.000000E-1	9.500000E+1	3.160000E+3	0.000000E+0	0.000000E+0	-2.694817E-10
4.758880E+2	3.821000E+0	3.431800E+0	0.000000E+0	0.000000E+0	5.000000E-1	1.025000E+2	3.170000E+3	0.000000E+0	0.000000E+0	-1.296810E-11
4.778670E+2	3.822000E+0	3.424900E+0	0.000000E+0	0.000000E+0	5.000000E-1	1.090000E+2	3.160000E+3	0.000000E+0	0.000000E+0	-1.005736E-10
4.798510E+2	3.823000E+0	3.418100E+0	0.000000E+0	0.000000E+0	5.000000E-1	1.165000E+2	3.160000E+3	0.000000E+0	0.000000E+0	-3.072988E-10
4.818310E+2	3.824000E+0	3.412000E+0	0.000000E+0	0.000000E+0	5.000000E-1	1.235000E+2	3.160000E+3	0.000000E+0	0.000000E+0	-1.630523E-10
4.838140E+2	3.825000E+0	3.404600E+0	0.000000E+0	0.000000E+0	5.000000E-1	1.300000E+2	3.155000E+3	0.000000E+0	0.000000E+0	8.816892E-12
4.857980E+2	3.826000E+0	3.398800E+0	0.000000E+0	0.000000E+0	5.000000E-1	1.365000E+2	3.150000E+3	0.000000E+0	0.000000E+0	-1.602604E-10
4.878120E+2	3.828000E+0	3.391700E+0	0.000000E+0	0.000000E+0	5.000000E-1	1.430000E+2	3.145000E+3	0.000000E+0	0.000000E+0	-5.091211E-11
4.897930E+2	3.828000E+0	3.385900E+0	0.000000E+0	0.000000E+0	5.000000E-1	1.485000E+2	3.145000E+3	0.000000E+0	0.000000E+0	-3.013343E-10
4.917750E+2	3.830000E+0	3.378700E+0	0.000000E+0	0.000000E+0	5.000000E-1	1.535000E+2	3.135000E+3	0.000000E+0	0.000000E+0	-1.888136E-10
4.937530E+2	3.830000E+0	3.372900E+0	0.000000E+0	0.000000E+0	5.000000E-1	1.585000E+2	3.125000E+3	0.000000E+0	0.000000E+0	3.613859E-12
4.957330E+2	3.831000E+0	3.365700E+0	0.000000E+0	0.000000E+0	5.000000E-1	1.640000E+2	3.130000E+3	0.000000E+0	0.000000E+0	-2.149134E-10
4.977130E+2	3.832000E+0	3.358900E+0	0.000000E+0	0.000000E+0	5.000000E-1	1.685000E+2	3.120000E+3	0.000000E+0	0.000000E+0	-2.725696E-10
4.996920E+2	3.833000E+0	3.352800E+0	0.000000E+0	0.000000E+0	5.000000E-1	1.730000E+2	3.120000E+3	0.000000E+0	0.000000E+0	-2.231643E-11
5.016770E+2	3.834000E+0	3.345900E+0	0.000000E+0	0.000000E+0	5.000000E-1	1.775000E+2	3.105000E+3	0.000000E+0	0.000000E+0	-5.218098E-11
5.036570E+2	3.835000E+0	3.339800E+0	0.000000E+0	0.000000E+0	5.000000E-1	1.810000E+2	3.105000E+3	0.000000E+0	0.000000E+0	-2.935932E-10
5.056410E+2	3.836000E+0	3.332700E+0	0.000000E+0	0.000000E+0	5.000000E-1	1.850000E+2	3.095000E+3	0.000000E+0	0.000000E+0	-2.028152E-10
5.076210E+2	3.837000E+0	3.325600E+0	0.000000E+0	0.000000E+0	5.000000E-1	1.880000E+2	3.085000E+3	0.000000E+0	0.000000E+0	-7.680523E-12
5.096090E+2	3.839000E+0	3.319700E+0	0.000000E+0	0.000000E+0	5.000000E-1	1.910000E+2	3.080000E+3	0.000000E+0	0.000000E+0	-9.059065E-11
5.115870E+2	3.840000E+0	3.312600E+0	0.000000E+0	0.000000E+0	5.000000E-1	1.935000E+2	3.075000E+3	0.000000E+0	0.000000E+0	-2.916474E-10
5.135660E+2	3.841000E+0	3.305800E+0	0.000000E+0	0.000000E+0	5.000000E-1	1.975000E+2	3.075000E+3	0.000000E+0	0.000000E+0	-1.029847E-10
5.155460E+2	3.842000E+0	3.300800E+0	0.000000E+0	0.000000E+0	5.000000E-1	2.000000E+2	3.060000E+3	0.000000E+0	0.000000E+0	-2.667361E-11
5.175260E+2	3.843000E+0	3.293900E+0	0.000000E+0	0.000000E+0	5.000000E-1	2.025000E+2	3.055000E+3	0.000000E+0	0.000000E+0	-2.663514E-10
5.195060E+2	3.844000E+0	3.286800E+0	0.000000E+0	0.000000E+0	5.000000E-1	2.050000E+2	3.050000E+3	0.000000E+0	0.000000E+0	-2.137712E-10
5.214860E+2	3.845000E+0	3.281000E+0	0.000000E+0	0.000000E+0	5.000000E-1	2.075000E+2	3.045000E+3	0.000000E+0	0.000000E+0	-1.288372E-11
5.234670E+2	3.846000E+0	3.273800E+0	0.000000E+0	0.000000E+0	5.000000E-1	2.090000E+2	3.035000E+3	0.000000E+0	0.000000E+0	-1.633060E-10
5.254510E+2	3.847000E+0	3.267000E+0	0.000000E+0	0.000000E+0	5.000000E-1	2.110000E+2	3.025000E+3	0.000000E+0	0.000000E+0	-2.899131E-10
5.274350E+2	3.848000E+0	3.260900E+0	0.000000E+0	0.000000E+0	5.000000E-1	2.135000E+2	3.020000E+3	0.000000E+0	0.000000E+0	-1.449053E-10
5.294200E+2	3.849000E+0	3.254100E+0	0.000000E+0	0.000000E+0	5.000000E-1	2.140000E+2	3.010000E+3	0.000000E+0	0.000000E+0	-1.165665E-11
5.314000E+2	3.850000E+0	3.247100E+0	0.000000E+0	0.000000E+0	5.000000E-1	2.160000E+2	3.005000E+3	0.000000E+0	0.000000E+0	-1.822568E-10
5.333800E+2	3.851000E+0	3.240800E+0	0.000000E+0	0.000000E+0	5.000000E-1	2.175000E+2	2.995000E+3	0.000000E+0	0.000000E+0	-2.775612E-10
5.353630E+2	3.852000E+0	3.233700E+0	0.000000E+0	0.000000E+0	5.000000E-1	2.185000E+2	2.995000E+3	0.000000E+0	0.000000E+0	-6.635206E-11
5.373420E+2	3.853000E+0	3.227800E+0	0.000000E+0	0.000000E+0	5.000000E-1	2.205000E+2	2.980000E+3	0.000000E+0	0.000000E+0	-4.727421E-11
5.393230E+2	3.854000E+0	3.220600E+0	0.000000E+0	0.000000E+0	5.000000E-1	2.210000E+2	2.975000E+3	0.000000E+0	0.000000E+0	-2.784072E-10
5.413040E+2	3.855000E+0	3.214800E+0	0.000000E+0	0.000000E+0	5.000000E-1	2.215000E+2	2.970000E+3	0.000000E+0	0.000000E+0	-1.829759E-10
5.432840E+2	3.856000E+0	3.208800E+0	0.000000E+0	0.000000E+0	5.000000E-1	2.225000E+2	2.955000E+3	0.000000E+0	0.000000E+0	-3.619549E-12
5.452680E+2	3.857000E+0	3.201900E+0	0.000000E+0	0.000000E+0	5.000000E-1	2.235000E+2	2.950000E+3	0.000000E+0	0.000000E+0	-1.408019E-10
5.472510E+2	3.858000E+0	3.194800E+0	0.000000E+0	0.000000E+0	5.000000E-1	2.235000E+2	2.945000E+3	0.000000E+0	0.000000E+0	-2.966389E-10
5.492660E+2	3.859000E+0	3.188900E+0	0.000000E+0	0.000000E+0	5.000000E-1	2.240000E+2	2.935000E+3	0.000000E+0	0.000000E+0	-2.707084E-10
5.512460E+2	3.860000E+0	3.181800E+0	0.000000E+0	0.000000E+0	5.000000E-1	2.250000E+2	2.930000E+3	0.000000E+0	0.000000E+0	-2.111908E-10
5.532250E+2	3.862000E+0	3.174900E+0	0.000000E+0	0.000000E+0	5.000000E-1	2.240000E+2	2.920000E+3	0.000000E+0	0.000000E+0	2.429168E-12
5.552060E+2	3.863000E+0	3.168800E+0	0.000000E+0	0.000000E+0	5.000000E-1	2.250000E+2	2.920000E+3	0.000000E+0	0.000000E+0	-1.699896E-10
5.571860E+2	3.864000E+0	3.161700E+0	0.000000E+0	0.000000E+0	5.000000E-1	2.250000E+2	2.900000E+3	0.000000E+0	0.000000E+0	-2.897016E-10
5.591700E+2	3.865000E+0	3.154600E+0	0.000000E+0	0.000000E+0	5.000000E-1	2.240000E+2	2.895000E+3	0.000000E+0	0.000000E+0	-7.168199E-11
5.611550E+2	3.866000E+0	3.148800E+0	0.000000E+0	0.000000E+0	5.000000E-1	2.240000E+2	2.880000E+3	0.000000E+0	0.000000E+0	-2.519596E-12
5.631370E+2	3.867000E+0	3.141700E+0	0.000000E+0	0.000000E+0	5.000000E-1	2.235000E+2	2.880000E+3	0.000000E+0	0.000000E+0	-2.265884E-10
5.651200E+2	3.868000E+0	3.135900E+0	0.000000E+0	0.000000E+0	5.000000E-1	2.235000E+2	2.870000E+3	0.000000E+0	0.000000E+0	-2.918166E-10
5.670990E+2	3.869000E+0	3.128700E+0	0.000000E+0	0.000000E+0	5.000000E-1	2.225000E+2	2.870000E+3	0.000000E+0	0.000000E+0	-1.690212E-11
5.690790E+2	3.870000E+0	3.121900E+0	0.000000E+0	0.000000E+0	5.000000E-1	2.225000E+2	2.855000E+3	0.000000E+0	0.000000E+0	-7.388168E-11
5.710580E+2	3.871000E+0	3.115800E+0	0.000000E+0	0.000000E+0	5.000000E-1	2.210000E+2	2.845000E+3	0.000000E+0	0.000000E+0	-3.141092E-10
5.730380E+2	3.872000E+0	3.110000E+0	0.000000E+0	0.000000E+0	5.000000E-1	2.205000E+2	2.845000E+3	0.000000E+0	0.000000E+0	-1.061996E-10
5.750230E+2	3.873000E+0	3.102800E+0	0.000000E+0	0.000000E+0	5.000000E-1	2.190000E+2	2.830000E+3	0.000000E+0	0.000000E+0	1.478123E-11
5.770080E+2	3.874000E+0	3.097000E+0	0.000000E+0	0.000000E+0	5.000000E-1	2.180000E+2	2.825000E+3	0.000000E+0	0.000000E+0	-1.400826E-10
5.789930E+2	3.875000E+0	3.089900E+0	0.000000E+0	0.000000E+0	5.000000E-1	2.175000E+2	2.810000E+3	0.000000E+0	0.000000E+0	-3.161820E-10
5.809730E+2	3.876000E+0	3.082900E+0	0.000000E+0	0.000000E+0	5.000000E-1	2.160000E+2	2.810000E+3	0.000000E+0	0.000000E+0	-1.128831E-10
5.829530E+2	3.877000E+0	3.076800E+0	0.000000E+0	0.000000E+0	5.000000E-1	2.140000E+2	2.800000E+3	0.000000E+0	0.000000E+0	6.659534E-12
5.849330E+2	3.878000E+0	3.069700E+0	0.000000E+0	0.000000E+0	5.000000E-1	2.130000E+2	2.795000E+3	0.000000E+0	0.000000E+0	-2.628827E-10
5.869170E+2	3.879000E+0	3.062600E+0	0.000000E+0	0.000000E+0	5.000000E-1	2.110000E+2	2.780000E+3	0.000000E+0	0.000000E+0	-2.891939E-10
5.889000E+2	3.880000E+0	3.056800E+0	0.000000E+0	0.000000E+0	5.000000E-1	2.090000E+2	2.780000E+3	0.000000E+0	0.000000E+0	-1.580236E-11
5.908810E+2	3.881000E+0	3.049600E+0	0.000000E+0	0.000000E+0	5.000000E-1	2.075000E+2	2.770000E+3	0.000000E+0	0.000000E+0	-4.321335E-11
5.928650E+2	3.882000E+0	3.042800E+0	0.000000E+0	0.000000E+0	5.000000E-1	2.050000E+2	2.760000E+3	0.000000E+0	0.000000E+0	-2.936779E-10
5.948490E+2	3.883000E+0	3.036700E+0	0.000000E+0	0.000000E+0	5.000000E-1	2.025000E+2	2.750000E+3	0.000000E+0	0.000000E+0	-2.685933E-10
5.968320E+2	3.884000E+0	3.029800E+0	0.000000E+0	0.000000E+0	5.000000E-1	2.000000E+2	2.750000E+3	0.000000E+0	0.000000E+0	9.790196E-12
5.988140E+2	3.885000E+0	3.023700E+0	0.000000E+0	0.000000E+0	5.000000E-1	1.975000E+2	2.735000E+3	0.000000E+0	0.000000E+0	-6.495607E-11
6.007940E+2	3.886000E+0	3.017900E+0	0.000000E+0	0.000000E+0	5.000000E-1	1.950000E+2	2.730000E+3	0.000000E+0	0.000000E+0	-3.281109E-10
6.027740E+2	3.887000E+0	3.010800E+0	0.000000E+0	0.000000E+0	5.000000E-1	1.915000E+2	2.725000E+3	0.000000E+0	0.000000E+0	-1.422399E-10
6.047580E+2	3.888000E+0	3.005000E+0	0.000000E+0	0.000000E+0	5.000000E-1	1.885000E+2	2.710000E+3	0.000000E+0	0.000000E+0	3.682016E-11
6.067450E+2	3.889000E+0	2.997600E+0	0.000000E+0	0.000000E+0	5.000000E-1	1.850000E+2	2.710000E+3	0.000000E+0	0.000000E+0	-1.123331E-10
6.087590E+2	3.890000E+0	2.990800E+0	0.000000E+0	0.000000E+0	5.000000E-1	1.810000E+2	2.695000E+3	0.000000E+0	0.000000E+0	-1.601375E-11
6.107440E+2	3.890000E+0	2.984700E+0	0.000000E+0	0.000000E+0	5.000000E-1	1.775000E+2	2.695000E+3	0.000000E+0	0.000000E+0	-2.725697E-10
6.127270E+2	3.892000E+0	2.977800E+0	0.000000E+0	0.000000E+0	5.000000E-1	1.730000E+2	2.680000E+3	0.000000E+0	0.000000E+0	-2.985848E-10
6.147110E+2	3.893000E+0	2.970700E+0	0.000000E+0	0.000000E+0	5.000000E-1	1.685000E+2	2.680000E+3	0.000000E+0	0.000000E+0	-1.161424E-11
6.166930E+2	3.894000E+0	2.964900E+0	0.000000E+0	0.000000E+0	5.000000E-1	1.635000E+2	2.670000E+3	0.000000E+0	0.000000E+0	-2.295106E-11
6.186770E+2	3.895000E+0	2.957700E+0	0.000000E+0	0.000000E+0	5.000000E-1	1.585000E+2	2.660000E+3	0.000000E+0	0.000000E+0	-2.924934E-10
6.206600E+2	3.896000E+0	2.950800E+0	0.000000E+0	0.000000E+0	5.000000E-1	1.535000E+2	2.650000E+3	0.000000E+0	0.000000E+0	-2.765882E-10
6.226400E+2	3.896000E+0	2.944800E+0	0.000000E+0	0.000000E+0	5.000000E-1	1.475000E+2	2.650000E+3	0.000000E+0	0.000000E+0	2.142275E-11
6.246230E+2	3.897000E+0	2.937900E+0	0.000000E+0	0.000000E+0	5.000000E-1	1.410000E+2	2.635000E+3	0.000000E+0	0.000000E+0	-6.635192E-11
6.266040E+2	3.898000E+0	2.931700E+0	0.000000E+0	0.000000E+0	5.000000E-1	1.340000E+2	2.630000E+3	0.000000E+0	0.000000E+0	-3.333140E-10
6.285930E+2	3.899000E+0	2.924900E+0	0.000000E+0	0.000000E+0	5.000000E-1	1.275000E+2	2.620000E+3	0.000000E+0	0.000000E+0	-2.523073E-10
6.305770E+2	3.900000E+0	2.918000E+0	0.000000E+0	0.000000E+0	5.000000E-1	1.205000E+2	2.620000E+3	0.000000E+0	0.000000E+0	1.101655E-11
6.325610E+2	3.901000E+0	2.911900E+0	0.000000E+0	0.000000E+0	5.000000E-1	1.130000E+2	2.605000E+3	0.000000E+0	0.000000E+0	-2.849265E-11
6.345430E+2	3.902000E+0	2.905600E+0	0.000000E+0	0.000000E+0	5.000000E-1	1.040000E+2	2.605000E+3	0.000000E+0	0.000000E+0	-3.100906E-10
6.365260E+2	3.903000E+0	2.898700E+0	0.000000E+0	0.000000E+0	5.000000E-1	9.600000E+1	2.595000E+3	0.000000E+0	0.000000E+0	-2.400824E-10
6.385060E+2	3.905000E+0	2.892600E+0	0.000000E+0	0.000000E+0	5.000000E-1	8.800000E+1	2.595000E+3	0.000000E+0	0.000000E+0	3.204026E-11
6.404930E+2	3.905000E+0	2.885800E+0	0.000000E+0	0.000000E+0	5.000000E-1	8.000000E+1	2.580000E+3	0.000000E+0	0.000000E+0	-6.136044E-11
6.424780E+2	3.907000E+0	2.878600E+0	0.000000E+0	0.000000E+0	5.000000E-1	7.250000E+1	2.580000E+3	0.000000E+0	0.000000E+0	-3.050145E-10
6.444620E+2	3.907000E+0	2.872800E+0	0.000000E+0	0.000000E+0	5.000000E-1	6.550000E+1	2.575000E+3	0.000000E+0	0.000000E+0	-2.471467E-10
6.464470E+2	3.908000E+0	2.865600E+0	0.000000E+0	0.000000E+0	5.000000E-1	5.850000E+1	2.575000E+3	0.000000E+0	0.000000E+0	5.771134E-12
6.484300E+2	3.909000E+0	2.858800E+0	0.000000E+0	0.000000E+0	5.000000E-1	5.250000E+1	2.570000E+3	0.000000E+0	0.000000E+0	-3.407602E-11
6.504150E+2	3.910000E+0	2.852700E+0	0.000000E+0	0.000000E+0	5.000000E-1	4.750000E+1	2.570000E+3	0.000000E+0	0.000000E+0	-2.845831E-10
6.523960E+2	3.911000E+0	2.845800E+0	0.000000E+0	0.000000E+0	5.000000E-1	4.300000E+1	2.560000E+3	0.000000E+0	0.000000E+0	-2.486696E-10
6.543760E+2	3.912000E+0	2.838700E+0	0.000000E+0	0.000000E+0	5.000000E-1	3.900000E+1	2.555000E+3	0.000000E+0	0.000000E+0	2.632947E-11
6.563600E+2	3.913000E+0	2.832900E+0	0.000000E+0	0.000000E+0	5.000000E-1	3.750000E+1	2.555000E+3	0.000000E+0	0.000000E+0	-8.961762E-11
6.583480E+2	3.914000E+0	2.825500E+0	0.000000E+0	0.000000E+0	5.000000E-1	3.600000E+1	2.555000E+3	0.000000E+0	0.000000E+0	-2.925357E-10
6.603310E+2	3.915000E+0	2.819600E+0	0.000000E+0	0.000000E+0	5.000000E-1	3.600000E+1	2.550000E+3	0.000000E+0	0.000000E+0	-2.414784E-10
6.623170E+2	3.915000E+0	2.812500E+0	0.000000E+0	0.000000E+0	5.000000E-1	3.650000E+1	2.555000E+3	0.000000E+0	0.000000E+0	-3.196471E-12
6.643010E+2	3.917000E+0	2.806700E+0	0.000000E+0	0.000000E+0	5.000000E-1	3.850000E+1	2.545000E+3	0.000000E+0	0.000000E+0	-2.646208E-11
6.662850E+2	3.917000E+0	2.799600E+0	0.000000E+0	0.000000E+0	5.000000E-1	4.150000E+1	2.550000E+3	0.000000E+0	0.000000E+0	-2.853445E-10
6.683010E+2	3.919000E+0	2.793800E+0	0.000000E+0	0.000000E+0	5.000000E-1	4.600000E+1	2.550000E+3	0.000000E+0	0.000000E+0	-1.577644E-10
6.702830E+2	3.919000E+0	2.786600E+0	0.000000E+0	0.000000E+0	5.000000E-1	5.100000E+1	2.545000E+3	0.000000E+0	0.000000E+0	-3.243884E-10
6.722670E+2	3.920000E+0	2.780800E+0	0.000000E+0	0.000000E+0	5.000000E-1	5.750000E+1	2.545000E+3	0.000000E+0	0.000000E+0	-1.175363E-10
6.742500E+2	3.921000E+0	2.773700E+0	0.000000E+0	0.000000E+0	5.000000E-1	6.350000E+1	2.535000E+3	0.000000E+0	0.000000E+0	2.023837E-11
6.762340E+2	3.922000E+0	2.766800E+0	0.000000E+0	0.000000E+0	5.000000E-1	7.100000E+1	2.545000E+3	0.000000E+0	0.000000E+0	-1.857255E-10
6.782190E+2	3.923000E+0	2.760700E+0	0.000000E+0	0.000000E+0	5.000000E-1	7.850000E+1	2.535000E+3	0.000000E+0	0.000000E+0	-3.172395E-10
6.802040E+2	3.924000E+0	2.753800E+0	0.000000E+0	0.000000E+0	5.000000E-1	8.650000E+1	2.535000E+3	0.000000E+0	0.000000E+0	-1.399557E-10
6.821870E+2	3.925000E+0	2.746700E+0	0.000000E+0	0.000000E+0	5.000000E-1	9.500000E+1	2.530000E+3	0.000000E+0	0.000000E+0	1.960365E-11
6.841710E+2	3.926000E+0	2.740900E+0	0.000000E+0	0.000000E+0	5.000000E-1	1.025000E+2	2.530000E+3	0.000000E+0	0.000000E+0	-1.595836E-10
6.861530E+2	3.926000E+0	2.733700E+0	0.000000E+0	0.000000E+0	5.000000E-1	1.100000E+2	2.525000E+3	0.000000E+0	0.000000E+0	-3.163935E-10
6.881370E+2	3.928000E+0	2.726900E+0	0.000000E+0	0.000000E+0	5.000000E-1	1.160000E+2	2.525000E+3	0.000000E+0	0.000000E+0	-1.141521E-10
6.901200E+2	3.929000E+0	2.720800E+0	0.000000E+0	0.000000E+0	5.000000E-1	1.225000E+2	2.520000E+3	0.000000E+0	0.000000E+0	1.592365E-11
6.921040E+2	3.929000E+0	2.713900E+0	0.000000E+0	0.000000E+0	5.000000E-1	1.285000E+2	2.520000E+3	0.000000E+0	0.000000E+0	-1.873751E-10
6.940870E+2	3.930000E+0	2.707000E+0	0.000000E+0	0.000000E+0	5.000000E-1	1.340000E+2	2.505000E+3	0.000000E+0	0.000000E+0	-3.111905E-10
6.960730E+2	3.931000E+0	2.700900E+0	0.000000E+0	0.000000E+0	5.000000E-1	1.390000E+2	2.500000E+3	0.000000E+0	0.000000E+0	-1.262502E-10
6.980610E+2	3.932000E+0	2.694100E+0	0.000000E+0	0.000000E+0	5.000000E-1	1.440000E+2	2.495000E+3	0.000000E+0	0.000000E+0	1.351247E-11
7.000450E+2	3.933000E+0	2.688000E+0	0.000000E+0	0.000000E+0	5.000000E-1	1.485000E+2	2.485000E+3	0.000000E+0	0.000000E+0	-1.169440E-10
7.020290E+2	3.934000E+0	2.681900E+0	0.000000E+0	0.000000E+0	5.000000E-1	1.525000E+2	2.480000E+3	0.000000E+0	0.000000E+0	-3.065797E-10
7.040110E+2	3.935000E+0	2.675100E+0	0.000000E+0	0.000000E+0	5.000000E-1	1.555000E+2	2.475000E+3	0.000000E+0	0.000000E+0	-1.702857E-10
7.059950E+2	3.936000E+0	2.668200E+0	0.000000E+0	0.000000E+0	5.000000E-1	1.585000E+2	2.470000E+3	0.000000E+0	0.000000E+0	1.300490E-11
7.079780E+2	3.937000E+0	2.662200E+0	0.000000E+0	0.000000E+0	5.000000E-1	1.615000E+2	2.460000E+3	0.000000E+0	0.000000E+0	-1.258272E-10
7.099620E+2	3.938000E+0	2.655300E+0	0.000000E+0	0.000000E+0	5.000000E-1	1.640000E+2	2.450000E+3	0.000000E+0	0.000000E+0	-3.011228E-10
7.119450E+2	3.938000E+0	2.648200E+0	0.000000E+0	0.000000E+0	5.000000E-1	1.665000E+2	2.445000E+3	0.000000E+0	0.000000E+0	-1.629252E-10
7.139260E+2	3.939000E+0	2.642300E+0	0.000000E+0	0.000000E+0	5.000000E-1	1.685000E+2	2.435000E+3	0.000000E+0	0.000000E+0	4.290845E-12
7.159110E+2	3.939000E+0	2.635200E+0	0.000000E+0	0.000000E+0	5.000000E-1	1.705000E+2	2.430000E+3	0.000000E+0	0.000000E+0	-1.588221E-10
7.178940E+2	3.941000E+0	2.628300E+0	0.000000E+0	0.000000E+0	5.000000E-1	1.725000E+2	2.420000E+3	0.000000E+0	0.000000E+0	-2.940586E-10
7.198780E+2	3.941000E+0	2.622200E+0	0.000000E+0	0.000000E+0	5.000000E-1	1.735000E+2	2.420000E+3	0.000000E+0	0.000000E+0	-1.419440E-10
7.218640E+2	3.943000E+0	2.615300E+0	0.000000E+0	0.000000E+0	5.000000E-1	1.750000E+2	2.405000E+3	0.000000E+0	0.000000E+0	-2.984724E-12
7.238480E+2	3.944000E+0	2.608200E+0	0.000000E+0	0.000000E+0	5.000000E-1	1.760000E+2	2.405000E+3	0.000000E+0	0.000000E+0	-1.253620E-10
7.258310E+2	3.944000E+0	2.602300E+0	0.000000E+0	0.000000E+0	5.000000E-1	1.765000E+2	2.395000E+3	0.000000E+0	0.000000E+0	-2.886863E-10
7.278150E+2	3.945000E+0	2.595200E+0	0.000000E+0	0.000000E+0	5.000000E-1	1.775000E+2	2.385000E+3	0.000000E+0	0.000000E+0	-1.714701E-10
7.298340E+2	3.946000E+0	2.588300E+0	0.000000E+0	0.000000E+0	5.000000E-1	1.775000E+2	2.375000E+3	0.000000E+0	0.000000E+0	-2.741348E-10
7.318210E+2	3.947000E+0	2.582200E+0	0.000000E+0	0.000000E+0	5.000000E-1	1.780000E+2	2.375000E+3	0.000000E+0	0.000000E+0	-1.099221E-10
7.338050E+2	3.948000E+0	2.576400E+0	0.000000E+0	0.000000E+0	5.000000E-1	1.775000E+2	2.360000E+3	0.000000E+0	0.000000E+0	-1.580230E-11
7.357900E+2	3.948000E+0	2.569300E+0	0.000000E+0	0.000000E+0	5.000000E-1	1.775000E+2	2.360000E+3	0.000000E+0	0.000000E+0	-1.667325E-10
7.377720E+2	3.949000E+0	2.563500E+0	0.000000E+0	0.000000E+0	5.000000E-1	1.765000E+2	2.345000E+3	0.000000E+0	0.000000E+0	-2.748539E-10
7.397550E+2	3.950000E+0	2.556400E+0	0.000000E+0	0.000000E+0	5.000000E-1	1.760000E+2	2.345000E+3	0.000000E+0	0.000000E+0	-1.052691E-10
7.417380E+2	3.951000E+0	2.549500E+0	0.000000E+0	0.000000E+0	5.000000E-1	1.750000E+2	2.330000E+3	0.000000E+0	0.000000E+0	-2.295114E-11
7.437220E+2	3.952000E+0	2.543500E+0	0.000000E+0	0.000000E+0	5.000000E-1	1.740000E+2	2.330000E+3	0.000000E+0	0.000000E+0	-1.960892E-10
7.457060E+2	3.953000E+0	2.536600E+0	0.000000E+0	0.000000E+0	5.000000E-1	1.725000E+2	2.320000E+3	0.000000E+0	0.000000E+0	-2.726966E-10
7.476900E+2	3.953000E+0	2.529700E+0	0.000000E+0	0.000000E+0	5.000000E-1	1.705000E+2	2.310000E+3	0.000000E+0	0.000000E+0	-9.773946E-11
7.496750E+2	3.954000E+0	2.523700E+0	0.000000E+0	0.000000E+0	5.000000E-1	1.680000E+2	2.300000E+3	0.000000E+0	0.000000E+0	-2.557357E-11
7.516560E+2	3.955000E+0	2.516800E+0	0.000000E+0	0.000000E+0	5.000000E-1	1.660000E+2	2.300000E+3	0.000000E+0	0.000000E+0	-2.001926E-10
7.536430E+2	3.956000E+0	2.509700E+0	0.000000E+0	0.000000E+0	5.000000E-1	1.630000E+2	2.285000E+3	0.000000E+0	0.000000E+0	-2.581450E-10
7.556300E+2	3.957000E+0	2.503800E+0	0.000000E+0	0.000000E+0	5.000000E-1	1.605000E+2	2.275000E+3	0.000000E+0	0.000000E+0	-1.554803E-10
7.576210E+2	3.958000E+0	2.496600E+0	0.000000E+0	0.000000E+0	5.000000E-1	1.575000E+2	2.275000E+3	0.000000E+0	0.000000E+0	-4.824713E-11
7.596390E+2	3.959000E+0	2.489700E+0	0.000000E+0	0.000000E+0	5.000000E-1	1.535000E+2	2.260000E+3	0.000000E+0	0.000000E+0	-1.367833E-10
7.616260E+2	3.959000E+0	2.483700E+0	0.000000E+0	0.000000E+0	5.000000E-1	1.500000E+2	2.255000E+3	0.000000E+0	0.000000E+0	-3.369569E-11
7.636090E+2	3.960000E+0	2.476800E+0	0.000000E+0	0.000000E+0	5.000000E-1	1.460000E+2	2.250000E+3	0.000000E+0	0.000000E+0	-1.358949E-10
7.655930E+2	3.961000E+0	2.469700E+0	0.000000E+0	0.000000E+0	5.000000E-1	1.415000E+2	2.235000E+3	0.000000E+0	0.000000E+0	-2.629673E-10
7.675780E+2	3.962000E+0	2.463800E+0	0.000000E+0	0.000000E+0	5.000000E-1	1.365000E+2	2.230000E+3	0.000000E+0	0.000000E+0	-1.674515E-10
7.695630E+2	3.963000E+0	2.456700E+0	0.000000E+0	0.000000E+0	5.000000E-1	1.315000E+2	2.225000E+3	0.000000E+0	0.000000E+0	-4.228276E-11
7.715510E+2	3.963000E+0	2.450900E+0	0.000000E+0	0.000000E+0	5.000000E-1	1.260000E+2	2.210000E+3	0.000000E+0	0.000000E+0	-7.971915E-11
7.735400E+2	3.964000E+0	2.444800E+0	0.000000E+0	0.000000E+0	5.000000E-1	1.205000E+2	2.205000E+3	0.000000E+0	0.000000E+0	-2.170707E-10
7.755240E+2	3.965000E+0	2.437900E+0	0.000000E+0	0.000000E+0	5.000000E-1	1.140000E+2	2.195000E+3	0.000000E+0	0.000000E+0	-2.425782E-10
7.775080E+2	3.966000E+0	2.430800E+0	0.000000E+0	0.000000E+0	5.000000E-1	1.075000E+2	2.195000E+3	0.000000E+0	0.000000E+0	-7.946502E-11
7.794910E+2	3.966000E+0	2.425000E+0	0.000000E+0	0.000000E+0	5.000000E-1	1.005000E+2	2.180000E+3	0.000000E+0	0.000000E+0	-5.226589E-11
7.814750E+2	3.968000E+0	2.417900E+0	0.000000E+0	0.000000E+0	5.000000E-1	9.300000E+1	2.180000E+3	0.000000E+0	0.000000E+0	-2.094988E-10
7.834560E+2	3.968000E+0	2.411000E+0	0.000000E+0	0.000000E+0	5.000000E-1	8.500000E+1	2.170000E+3	0.000000E+0	0.000000E+0	-2.250656E-10
7.854370E+2	3.969000E+0	2.404900E+0	0.000000E+0	0.000000E+0	5.000000E-1	7.750000E+1	2.170000E+3	0.000000E+0	0.000000E+0	-4.274794E-11
7.874290E+2	3.970000E+0	2.398000E+0	0.000000E+0	0.000000E+0	5.000000E-1	7.000000E+1	2.155000E+3	0.000000E+0	0.000000E+0	-4.448233E-11
7.894170E+2	3.970000E+0	2.391100E+0	0.000000E+0	0.000000E+0	5.000000E-1	6.250000E+1	2.155000E+3	0.000000E+0	0.000000E+0	-1.633060E-10
7.914020E+2	3.971000E+0	2.385100E+0	0.000000E+0	0.000000E+0	5.000000E-1	5.600000E+1	2.150000E+3	0.000000E+0	0.000000E+0	-2.647016E-10
7.933860E+2	3.972000E+0	2.378200E+0	0.000000E+0	0.000000E+0	5.000000E-1	5.000000E+1	2.150000E+3	0.000000E+0	0.000000E+0	-1.405479E-10
7.953690E+2	3.973000E+0	2.371100E+0	0.000000E+0	0.000000E+0	5.000000E-1	4.500000E+1	2.145000E+3	0.000000E+0	0.000000E+0	-2.739289E-11
7.973530E+2	3.974000E+0	2.365300E+0	0.000000E+0	0.000000E+0	5.000000E-1	4.150000E+1	2.145000E+3	0.000000E+0	0.000000E+0	-1.509542E-10
7.993340E+2	3.975000E+0	2.358100E+0	0.000000E+0	0.000000E+0	5.000000E-1	4.000000E+1	2.135000E+3	0.000000E+0	0.000000E+0	-2.658861E-10
8.013180E+2	3.976000E+0	2.351200E+0	0.000000E+0	0.000000E+0	5.000000E-1	3.900000E+1	2.135000E+3	0.000000E+0	0.000000E+0	-1.164365E-10
8.033030E+2	3.977000E+0	2.345000E+0	0.000000E+0	0.000000E+0	5.000000E-1	4.050000E+1	2.130000E+3	0.000000E+0	0.000000E+0	-2.455866E-11
8.052860E+2	3.978000E+0	2.339200E+0	0.000000E+0	0.000000E+0	5.000000E-1	4.250000E+1	2.130000E+3	0.000000E+0	0.000000E+0	-1.729084E-10
8.072700E+2	3.979000E+0	2.332100E+0	0.000000E+0	0.000000E+0	5.000000E-1	4.600000E+1	2.125000E+3	0.000000E+0	0.000000E+0	-2.718928E-10
8.092560E+2	3.980000E+0	2.326300E+0	0.000000E+0	0.000000E+0	5.000000E-1	5.150000E+1	2.125000E+3	0.000000E+0	0.000000E+0	-1.467241E-10
8.112400E+2	3.981000E+0	2.319100E+0	0.000000E+0	0.000000E+0	5.000000E-1	5.750000E+1	2.120000E+3	0.000000E+0	0.000000E+0	-2.168221E-11
8.132240E+2	3.981000E+0	2.312300E+0	0.000000E+0	0.000000E+0	5.000000E-1	6.400000E+1	2.125000E+3	0.000000E+0	0.000000E+0	-1.474008E-10
8.152070E+2	3.982000E+0	2.306200E+0	0.000000E+0	0.000000E+0	5.000000E-1	7.100000E+1	2.120000E+3	0.000000E+0	0.000000E+0	-2.797609E-10
8.171910E+2	3.983000E+0	2.299300E+0	0.000000E+0	0.000000E+0	5.000000E-1	7.900000E+1	2.120000E+3	0.000000E+0	0.000000E+0	-1.465548E-10
8.191720E+2	3.984000E+0	2.292200E+0	0.000000E+0	0.000000E+0	5.000000E-1	8.650000E+1	2.110000E+3	0.000000E+0	0.000000E+0	-1.677514E-11
8.211560E+2	3.984000E+0	2.286400E+0	0.000000E+0	0.000000E+0	5.000000E-1	9.400000E+1	2.110000E+3	0.000000E+0	0.000000E+0	-1.780691E-10
8.231440E+2	3.985000E+0	2.279300E+0	0.000000E+0	0.000000E+0	5.000000E-1	1.015000E+2	2.105000E+3	0.000000E+0	0.000000E+0	-2.848369E-10
8.251320E+2	3.986000E+0	2.272400E+0	0.000000E+0	0.000000E+0	5.000000E-1	1.080000E+2	2.100000E+3	0.000000E+0	0.000000E+0	-2.027729E-10
8.271130E+2	3.986000E+0	2.266300E+0	0.000000E+0	0.000000E+0	5.000000E-1	1.140000E+2	2.100000E+3	0.000000E+0	0.000000E+0	-1.571779E-11
8.290930E+2	3.988000E+0	2.259500E+0	0.000000E+0	0.000000E+0	5.000000E-1	1.190000E+2	2.095000E+3	0.000000E+0	0.000000E+0	-1.597527E-10
8.310740E+2	3.988000E+0	2.252600E+0	0.000000E+0	0.000000E+0	5.000000E-1	1.250000E+2	2.080000E+3	0.000000E+0	0.000000E+0	-2.844139E-10
8.330570E+2	3.989000E+0	2.246500E+0	0.000000E+0	0.000000E+0	5.000000E-1	1.285000E+2	2.080000E+3	0.000000E+0	0.000000E+0	-1.081878E-10
8.350750E+2	3.990000E+0	2.239700E+0	0.000000E+0	0.000000E+0	5.000000E-1	1.310000E+2	2.070000E+3	0.000000E+0	0.000000E+0	-2.223159E-10
8.370630E+2	3.990000E+0	2.232500E+0	0.000000E+0	0.000000E+0	5.000000E-1	1.340000E+2	2.070000E+3	0.000000E+0	0.000000E+0	-4.993925E-11
8.390460E+2	3.991000E+0	2.226700E+0	0.000000E+0	0.000000E+0	5.000000E-1	1.365000E+2	2.055000E+3	0.000000E+0	0.000000E+0	-4.706285E-11
8.410310E+2	3.992000E+0	2.220600E+0	0.000000E+0	0.000000E+0	5.000000E-1	1.385000E+2	2.050000E+3	0.000000E+0	0.000000E+0	-2.353024E-10
8.430140E+2	3.992000E+0	2.213700E+0	0.000000E+0	0.000000E+0	5.000000E-1	1.405000E+2	2.035000E+3	0.000000E+0	0.000000E+0	-2.584833E-10
8.450000E+2	3.993000E+0	2.206600E+0	0.000000E+0	0.000000E+0	5.000000E-1	1.415000E+2	2.035000E+3	0.000000E+0	0.000000E+0	-7.565820E-11
8.469840E+2	3.994000E+0	2.200700E+0	0.000000E+0	0.000000E+0	5.000000E-1	1.425000E+2	2.025000E+3	0.000000E+0	0.000000E+0	-2.447395E-11
8.489680E+2	3.995000E+0	2.193600E+0	0.000000E+0	0.000000E+0	5.000000E-1	1.430000E+2	2.020000E+3	0.000000E+0	0.000000E+0	-2.109793E-10
8.509550E+2	3.995000E+0	2.186700E+0	0.000000E+0	0.000000E+0	5.000000E-1	1.430000E+2	2.005000E+3	0.000000E+0	0.000000E+0	-2.857676E-10
8.529470E+2	3.996000E+0	2.180600E+0	0.000000E+0	0.000000E+0	5.000000E-1	1.430000E+2	2.000000E+3	0.000000E+0	0.000000E+0	-1.902941E-10
8.549290E+2	3.997000E+0	2.173800E+0	0.000000E+0	0.000000E+0	5.000000E-1	1.425000E+2	1.995000E+3	0.000000E+0	0.000000E+0	-1.639444E-11
8.569130E+2	3.998000E+0	2.166600E+0	0.000000E+0	0.000000E+0	5.000000E-1	1.410000E+2	1.985000E+3	0.000000E+0	0.000000E+0	-1.215549E-10
8.589010E+2	3.999000E+0	2.160800E+0	0.000000E+0	0.000000E+0	5.000000E-1	1.400000E+2	1.980000E+3	0.000000E+0	0.000000E+0	-2.598370E-10
8.608870E+2	4.000000E+0	2.153700E+0	0.000000E+0	0.000000E+0	5.000000E-1	1.385000E+2	1.970000E+3	0.000000E+0	0.000000E+0	-2.394056E-10
8.628710E+2	4.000000E+0	2.147900E+0	0.000000E+0	0.000000E+0	5.000000E-1	1.360000E+2	1.960000E+3	0.000000E+0	0.000000E+0	-4.135223E-11
8.648580E+2	4.001000E+0	2.140800E+0	0.000000E+0	0.000000E+0	5.000000E-1	1.335000E+2	1.950000E+3	0.000000E+0	0.000000E+0	-4.270587E-11
8.668420E+2	4.001000E+0	2.133900E+0	0.000000E+0	0.000000E+0	5.000000E-1	1.310000E+2	1.950000E+3	0.000000E+0	0.000000E+0	-2.224852E-10
8.688250E+2	4.002000E+0	2.127900E+0	0.000000E+0	0.000000E+0	5.000000E-1	1.280000E+2	1.930000E+3	0.000000E+0	0.000000E+0	-2.546763E-10
8.708110E+2	4.003000E+0	2.121000E+0	0.000000E+0	0.000000E+0	5.000000E-1	1.240000E+2	1.930000E+3	0.000000E+0	0.000000E+0	-8.077666E-11
8.727950E+2	4.004000E+0	2.114900E+0	0.000000E+0	0.000000E+0	5.000000E-1	1.200000E+2	1.920000E+3	0.000000E+0	0.000000E+0	-3.949099E-11
8.747790E+2	4.004000E+0	2.108000E+0	0.000000E+0	0.000000E+0	5.000000E-1	1.160000E+2	1.920000E+3	0.000000E+0	0.000000E+0	-1.987967E-10
8.767620E+2	4.005000E+0	2.101900E+0	0.000000E+0	0.000000E+0	5.000000E-1	1.110000E+2	1.900000E+3	0.000000E+0	0.000000E+0	-2.524344E-10
8.787440E+2	4.006000E+0	2.095100E+0	0.000000E+0	0.000000E+0	5.000000E-1	1.060000E+2	1.900000E+3	0.000000E+0	0.000000E+0	-7.993056E-11
8.807230E+2	4.006000E+0	2.088200E+0	0.000000E+0	0.000000E+0	5.000000E-1	1.005000E+2	1.885000E+3	0.000000E+0	0.000000E+0	-8.369530E-11
8.827080E+2	4.007000E+0	2.082100E+0	0.000000E+0	0.000000E+0	5.000000E-1	9.500000E+1	1.880000E+3	0.000000E+0	0.000000E+0	-2.367828E-10
8.846920E+2	4.008000E+0	2.075200E+0	0.000000E+0	0.000000E+0	5.000000E-1	8.800000E+1	1.870000E+3	0.000000E+0	0.000000E+0	-2.276459E-10
8.866750E+2	4.009000E+0	2.068900E+0	0.000000E+0	0.000000E+0	5.000000E-1	8.100000E+1	1.870000E+3	0.000000E+0	0.000000E+0	-5.856884E-11
8.886600E+2	4.009000E+0	2.061700E+0	0.000000E+0	0.000000E+0	5.000000E-1	7.400000E+1	1.860000E+3	0.000000E+0	0.000000E+0	-6.326364E-11
8.906450E+2	4.010000E+0	2.054800E+0	0.000000E+0	0.000000E+0	5.000000E-1	6.750000E+1	1.860000E+3	0.000000E+0	0.000000E+0	-2.262922E-10
8.926280E+2	4.010000E+0	2.048700E+0	0.000000E+0	0.000000E+0	5.000000E-1	6.050000E+1	1.850000E+3	0.000000E+0	0.000000E+0	-2.246003E-10
8.946120E+2	4.012000E+0	2.041800E+0	0.000000E+0	0.000000E+0	5.000000E-1	5.400000E+1	1.850000E+3	0.000000E+0	0.000000E+0	-7.265494E-11
8.965940E+2	4.012000E+0	2.034900E+0	0.000000E+0	0.000000E+0	5.000000E-1	4.900000E+1	1.835000E+3	0.000000E+0	0.000000E+0	-7.773107E-11
8.985770E+2	4.013000E+0	2.028900E+0	0.000000E+0	0.000000E+0	5.000000E-1	4.600000E+1	1.835000E+3	0.000000E+0	0.000000E+0	-2.284497E-10
9.005610E+2	4.013000E+0	2.022000E+0	0.000000E+0	0.000000E+0	5.000000E-1	4.400000E+1	1.830000E+3	0.000000E+0	0.000000E+0	-2.129674E-10
9.025450E+2	4.014000E+0	2.015900E+0	0.000000E+0	0.000000E+0	5.000000E-1	4.350000E+1	1.835000E+3	0.000000E+0	0.000000E+0	-6.779025E-11
9.045290E+2	4.015000E+0	2.009600E+0	0.000000E+0	0.000000E+0	5.000000E-1	4.500000E+1	1.830000E+3	0.000000E+0	0.000000E+0	-8.369555E-11
9.065140E+2	4.015000E+0	2.002700E+0	0.000000E+0	0.000000E+0	5.000000E-1	4.800000E+1	1.830000E+3	0.000000E+0	0.000000E+0	-2.252348E-10
9.084980E+2	4.016000E+0	1.995600E+0	0.000000E+0	0.000000E+0	5.000000E-1	5.150000E+1	1.825000E+3	0.000000E+0	0.000000E+0	-2.122483E-10
9.105170E+2	4.016000E+0	1.989800E+0	0.000000E+0	0.000000E+0	5.000000E-1	5.750000E+1	1.825000E+3	0.000000E+0	0.000000E+0	-2.390672E-10
9.125030E+2	4.017000E+0	1.982700E+0	0.000000E+0	0.000000E+0	5.000000E-1	6.350000E+1	1.820000E+3	0.000000E+0	0.000000E+0	-1.818760E-10
9.144840E+2	4.018000E+0	1.976800E+0	0.000000E+0	0.000000E+0	5.000000E-1	7.000000E+1	1.820000E+3	0.000000E+0	0.000000E+0	-5.569226E-11
9.164680E+2	4.018000E+0	1.969700E+0	0.000000E+0	0.000000E+0	5.000000E-1	7.750000E+1	1.820000E+3	0.000000E+0	0.000000E+0	-1.322994E-10
9.184520E+2	4.019000E+0	1.962800E+0	0.000000E+0	0.000000E+0	5.000000E-1	8.400000E+1	1.810000E+3	0.000000E+0	0.000000E+0	-2.431704E-10
9.204360E+2	4.020000E+0	1.956700E+0	0.000000E+0	0.000000E+0	5.000000E-1	9.150000E+1	1.805000E+3	0.000000E+0	0.000000E+0	-1.703280E-10
9.224200E+2	4.020000E+0	1.949900E+0	0.000000E+0	0.000000E+0	5.000000E-1	9.850000E+1	1.800000E+3	0.000000E+0	0.000000E+0	-5.598824E-11
9.244040E+2	4.021000E+0	1.943000E+0	0.000000E+0	0.000000E+0	5.000000E-1	1.035000E+2	1.800000E+3	0.000000E+0	0.000000E+0	-1.256581E-10
9.263890E+2	4.022000E+0	1.936900E+0	0.000000E+0	0.000000E+0	5.000000E-1	1.080000E+2	1.795000E+3	0.000000E+0	0.000000E+0	-2.393211E-10
9.283730E+2	4.022000E+0	1.930000E+0	0.000000E+0	0.000000E+0	5.000000E-1	1.115000E+2	1.785000E+3	0.000000E+0	0.000000E+0	-1.811570E-10
9.303570E+2	4.023000E+0	1.922900E+0	0.000000E+0	0.000000E+0	5.000000E-1	1.150000E+2	1.780000E+3	0.000000E+0	0.000000E+0	-5.387329E-11
9.323390E+2	4.023000E+0	1.916600E+0	0.000000E+0	0.000000E+0	5.000000E-1	1.175000E+2	1.770000E+3	0.000000E+0	0.000000E+0	-1.170287E-10
9.343220E+2	4.024000E+0	1.909600E+0	0.000000E+0	0.000000E+0	5.000000E-1	1.185000E+2	1.760000E+3	0.000000E+0	0.000000E+0	-2.446933E-10
9.363060E+2	4.025000E+0	1.903500E+0	0.000000E+0	0.000000E+0	5.000000E-1	1.200000E+2	1.755000E+3	0.000000E+0	0.000000E+0	-1.718084E-10
9.382900E+2	4.025000E+0	1.897700E+0	0.000000E+0	0.000000E+0	5.000000E-1	1.200000E+2	1.750000E+3	0.000000E+0	0.000000E+0	-5.281567E-11
9.402730E+2	4.026000E+0	1.890600E+0	0.000000E+0	0.000000E+0	5.000000E-1	1.200000E+2	1.735000E+3	0.000000E+0	0.000000E+0	-1.305228E-10
9.422580E+2	4.026000E+0	1.883700E+0	0.000000E+0	0.000000E+0	5.000000E-1	1.185000E+2	1.730000E+3	0.000000E+0	0.000000E+0	-2.491772E-10
9.442430E+2	4.027000E+0	1.877600E+0	0.000000E+0	0.000000E+0	5.000000E-1	1.175000E+2	1.725000E+3	0.000000E+0	0.000000E+0	-1.890252E-10
9.462270E+2	4.027000E+0	1.870800E+0	0.000000E+0	0.000000E+0	5.000000E-1	1.155000E+2	1.720000E+3	0.000000E+0	0.000000E+0	-4.524395E-11
9.482130E+2	4.028000E+0	1.864700E+0	0.000000E+0	0.000000E+0	5.000000E-1	1.135000E+2	1.700000E+3	0.000000E+0	0.000000E+0	-7.942325E-11
9.501960E+2	4.029000E+0	1.857800E+0	0.000000E+0	0.000000E+0	5.000000E-1	1.105000E+2	1.700000E+3	0.000000E+0	0.000000E+0	-2.372061E-10
9.521790E+2	4.030000E+0	1.850700E+0	0.000000E+0	0.000000E+0	5.000000E-1	1.075000E+2	1.685000E+3	0.000000E+0	0.000000E+0	-2.133905E-10
9.541640E+2	4.030000E+0	1.844800E+0	0.000000E+0	0.000000E+0	5.000000E-1	1.035000E+2	1.680000E+3	0.000000E+0	0.000000E+0	-5.438078E-11
9.561470E+2	4.031000E+0	1.837400E+0	0.000000E+0	0.000000E+0	5.000000E-1	9.850000E+1	1.675000E+3	0.000000E+0	0.000000E+0	-8.081924E-11
9.581320E+2	4.031000E+0	1.830600E+0	0.000000E+0	0.000000E+0	5.000000E-1	9.400000E+1	1.670000E+3	0.000000E+0	0.000000E+0	-2.327643E-10
9.601160E+2	4.032000E+0	1.824500E+0	0.000000E+0	0.000000E+0	5.000000E-1	8.850000E+1	1.655000E+3	0.000000E+0	0.000000E+0	-2.286188E-10
9.621000E+2	4.033000E+0	1.817700E+0	0.000000E+0	0.000000E+0	5.000000E-1	8.300000E+1	1.650000E+3	0.000000E+0	0.000000E+0	-6.415243E-11
9.640840E+2	4.033000E+0	1.811600E+0	0.000000E+0	0.000000E+0	5.000000E-1	7.750000E+1	1.635000E+3	0.000000E+0	0.000000E+0	-6.233331E-11
9.660660E+2	4.034000E+0	1.804700E+0	0.000000E+0	0.000000E+0	5.000000E-1	7.100000E+1	1.635000E+3	0.000000E+0	0.000000E+0	-2.380519E-10
9.680490E+2	4.034000E+0	1.798600E+0	0.000000E+0	0.000000E+0	5.000000E-1	6.500000E+1	1.625000E+3	0.000000E+0	0.000000E+0	-2.204971E-10
9.700340E+2	4.035000E+0	1.791700E+0	0.000000E+0	0.000000E+0	5.000000E-1	5.900000E+1	1.625000E+3	0.000000E+0	0.000000E+0	-6.677506E-11
9.720170E+2	4.035000E+0	1.785600E+0	0.000000E+0	0.000000E+0	5.000000E-1	5.400000E+1	1.620000E+3	0.000000E+0	0.000000E+0	-7.388171E-11
9.740000E+2	4.036000E+0	1.778800E+0	0.000000E+0	0.000000E+0	5.000000E-1	5.050000E+1	1.620000E+3	0.000000E+0	0.000000E+0	-2.269691E-10
9.759850E+2	4.037000E+0	1.772700E+0	0.000000E+0	0.000000E+0	5.000000E-1	4.800000E+1	1.605000E+3	0.000000E+0	0.000000E+0	-2.252347E-10
9.779710E+2	4.037000E+0	1.765800E+0	0.000000E+0	0.000000E+0	5.000000E-1	4.800000E+1	1.605000E+3	0.000000E+0	0.000000E+0	-8.801018E-11
9.799580E+2	4.037000E+0	1.758600E+0	0.000000E+0	0.000000E+0	5.000000E-1	4.850000E+1	1.600000E+3	0.000000E+0	0.000000E+0	-5.247699E-11
9.819460E+2	4.038000E+0	1.752800E+0	0.000000E+0	0.000000E+0	5.000000E-1	5.100000E+1	1.600000E+3	0.000000E+0	0.000000E+0	-1.550997E-10
9.839320E+2	4.039000E+0	1.745400E+0	0.000000E+0	0.000000E+0	5.000000E-1	5.550000E+1	1.595000E+3	0.000000E+0	0.000000E+0	-2.399556E-10
9.859160E+2	4.039000E+0	1.738500E+0	0.000000E+0	0.000000E+0	5.000000E-1	6.050000E+1	1.595000E+3	0.000000E+0	0.000000E+0	-1.661402E-10
9.878990E+2	4.040000E+0	1.732400E+0	0.000000E+0	0.000000E+0	5.000000E-1	6.600000E+1	1.590000E+3	0.000000E+0	0.000000E+0	-5.273115E-11
9.898840E+2	4.041000E+0	1.725600E+0	0.000000E+0	0.000000E+0	5.000000E-1	7.250000E+1	1.590000E+3	0.000000E+0	0.000000E+0	-1.258272E-10
9.918670E+2	4.041000E+0	1.718400E+0	0.000000E+0	0.000000E+0	5.000000E-1	7.850000E+1	1.585000E+3	0.000000E+0	0.000000E+0	-2.394056E-10
9.938510E+2	4.041000E+0	1.712600E+0	0.000000E+0	0.000000E+0	5.000000E-1	8.400000E+1	1.585000E+3	0.000000E+0	0.000000E+0	-1.669439E-10
9.958410E+2	4.042000E+0	1.705500E+0	0.000000E+0	0.000000E+0	5.000000E-1	8.900000E+1	1.585000E+3	0.000000E+0	0.000000E+0	-7.341633E-11
9.978280E+2	4.042000E+0	1.699700E+0	0.000000E+0	0.000000E+0	5.000000E-1	9.400000E+1	1.575000E+3	0.000000E+0	0.000000E+0	-7.265483E-11
9.998160E+2	4.043000E+0	1.692500E+0	0.000000E+0	0.000000E+0	5.000000E-1	9.750000E+1	1.575000E+3	0.000000E+0	0.000000E+0	-1.744735E-10
1.001798E+3	4.043000E+0	1.686800E+0	0.000000E+0	0.000000E+0	5.000000E-1	1.000000E+2	1.560000E+3	0.000000E+0	0.000000E+0	-2.271383E-10
1.003790E+3	4.044000E+0	1.680700E+0	0.000000E+0	0.000000E+0	5.000000E-1	1.015000E+2	1.555000E+3	0.000000E+0	0.000000E+0	-1.613601E-10
1.005774E+3	4.044000E+0	1.673300E+0	0.000000E+0	0.000000E+0	5.000000E-1	1.025000E+2	1.550000E+3	0.000000E+0	0.000000E+0	-6.821332E-11
1.007758E+3	4.045000E+0	1.666400E+0	0.000000E+0	0.000000E+0	5.000000E-1	1.015000E+2	1.535000E+3	0.000000E+0	0.000000E+0	-1.251504E-10
1.009741E+3	4.045000E+0	1.660300E+0	0.000000E+0	0.000000E+0	5.000000E-1	1.010000E+2	1.530000E+3	0.000000E+0	0.000000E+0	-2.247695E-10
1.011726E+3	4.045000E+0	1.653500E+0	0.000000E+0	0.000000E+0	5.000000E-1	9.900000E+1	1.525000E+3	0.000000E+0	0.000000E+0	-1.674939E-10
1.013715E+3	4.046000E+0	1.646600E+0	0.000000E+0	0.000000E+0	5.000000E-1	9.650000E+1	1.515000E+3	0.000000E+0	0.000000E+0	-7.680051E-11
1.015703E+3	4.047000E+0	1.640500E+0	0.000000E+0	0.000000E+0	5.000000E-1	9.350000E+1	1.505000E+3	0.000000E+0	0.000000E+0	-7.570028E-11
1.017695E+3	4.047000E+0	1.633600E+0	0.000000E+0	0.000000E+0	5.000000E-1	8.900000E+1	1.500000E+3	0.000000E+0	0.000000E+0	-1.493044E-10
1.019681E+3	4.048000E+0	1.626500E+0	0.000000E+0	0.000000E+0	5.000000E-1	8.550000E+1	1.490000E+3	0.000000E+0	0.000000E+0	-2.274767E-10
1.021669E+3	4.048000E+0	1.620700E+0	0.000000E+0	0.000000E+0	5.000000E-1	8.000000E+1	1.480000E+3	0.000000E+0	0.000000E+0	-1.862755E-10
1.023656E+3	4.048000E+0	1.613500E+0	0.000000E+0	0.000000E+0	5.000000E-1	7.500000E+1	1.475000E+3	0.000000E+0	0.000000E+0	-8.213016E-11
1.025644E+3	4.049000E+0	1.607700E+0	0.000000E+0	0.000000E+0	5.000000E-1	6.900000E+1	1.460000E+3	0.000000E+0	0.000000E+0	-7.362766E-11
1.027628E+3	4.049000E+0	1.600500E+0	0.000000E+0	0.000000E+0	5.000000E-1	6.350000E+1	1.460000E+3	0.000000E+0	0.000000E+0	-1.949894E-10
1.029613E+3	4.050000E+0	1.593700E+0	0.000000E+0	0.000000E+0	5.000000E-1	5.850000E+1	1.450000E+3	0.000000E+0	0.000000E+0	-2.227390E-10
1.031602E+3	4.050000E+0	1.587600E+0	0.000000E+0	0.000000E+0	5.000000E-1	5.350000E+1	1.450000E+3	0.000000E+0	0.000000E+0	-1.425362E-10
1.033589E+3	4.051000E+0	1.580700E+0	0.000000E+0	0.000000E+0	5.000000E-1	5.100000E+1	1.440000E+3	0.000000E+0	0.000000E+0	-6.072598E-11
1.035576E+3	4.051000E+0	1.573300E+0	0.000000E+0	0.000000E+0	5.000000E-1	4.900000E+1	1.435000E+3	0.000000E+0	0.000000E+0	-1.143214E-10
1.037563E+3	4.051000E+0	1.567500E+0	0.000000E+0	0.000000E+0	5.000000E-1	4.900000E+1	1.435000E+3	0.000000E+0	0.000000E+0	-2.159286E-10
1.039546E+3	4.052000E+0	1.561400E+0	0.000000E+0	0.000000E+0	5.000000E-1	5.050000E+1	1.430000E+3	0.000000E+0	0.000000E+0	-2.045919E-10
1.041530E+3	4.052000E+0	1.554600E+0	0.000000E+0	0.000000E+0	5.000000E-1	5.350000E+1	1.430000E+3	0.000000E+0	0.000000E+0	-7.654660E-11
1.043514E+3	4.053000E+0	1.548500E+0	0.000000E+0	0.000000E+0	5.000000E-1	5.800000E+1	1.425000E+3	0.000000E+0	0.000000E+0	-8.843321E-11
1.045503E+3	4.053000E+0	1.541700E+0	0.000000E+0	0.000000E+0	5.000000E-1	6.300000E+1	1.425000E+3	0.000000E+0	0.000000E+0	-1.891519E-10
1.047487E+3	4.053000E+0	1.534500E+0	0.000000E+0	0.000000E+0	5.000000E-1	6.850000E+1	1.415000E+3	0.000000E+0	0.000000E+0	-2.265461E-10
1.049471E+3	4.054000E+0	1.528700E+0	0.000000E+0	0.000000E+0	5.000000E-1	7.350000E+1	1.415000E+3	0.000000E+0	0.000000E+0	-9.993897E-11
1.051459E+3	4.054000E+0	1.521600E+0	0.000000E+0	0.000000E+0	5.000000E-1	7.850000E+1	1.410000E+3	0.000000E+0	0.000000E+0	-5.679188E-11
1.053445E+3	4.055000E+0	1.514700E+0	0.000000E+0	0.000000E+0	5.000000E-1	8.250000E+1	1.405000E+3	0.000000E+0	0.000000E+0	-1.436360E-10
1.055429E+3	4.055000E+0	1.508600E+0	0.000000E+0	0.000000E+0	5.000000E-1	8.550000E+1	1.390000E+3	0.000000E+0	0.000000E+0	-2.371214E-10
1.057413E+3	4.056000E+0	1.501200E+0	0.000000E+0	0.000000E+0	5.000000E-1	8.750000E+1	1.390000E+3	0.000000E+0	0.000000E+0	-1.573415E-10
1.059396E+3	4.056000E+0	1.495400E+0	0.000000E+0	0.000000E+0	5.000000E-1	8.800000E+1	1.380000E+3	0.000000E+0	0.000000E+0	-6.233339E-11
1.061416E+3	4.057000E+0	1.488200E+0	0.000000E+0	0.000000E+0	5.000000E-1	8.750000E+1	1.375000E+3	0.000000E+0	0.000000E+0	-1.060303E-10
1.063406E+3	4.057000E+0	1.481400E+0	0.000000E+0	0.000000E+0	5.000000E-1	8.600000E+1	1.365000E+3	0.000000E+0	0.000000E+0	-6.529444E-11
1.065394E+3	4.057000E+0	1.475300E+0	0.000000E+0	0.000000E+0	5.000000E-1	8.350000E+1	1.355000E+3	0.000000E+0	0.000000E+0	-1.264617E-10
1.067382E+3	4.058000E+0	1.468400E+0	0.000000E+0	0.000000E+0	5.000000E-1	8.000000E+1	1.350000E+3	0.000000E+0	0.000000E+0	-2.164362E-10
1.069371E+3	4.058000E+0	1.461500E+0	0.000000E+0	0.000000E+0	5.000000E-1	7.650000E+1	1.335000E+3	0.000000E+0	0.000000E+0	-2.166476E-10
1.071360E+3	4.058000E+0	1.455400E+0	0.000000E+0	0.000000E+0	5.000000E-1	7.150000E+1	1.335000E+3	0.000000E+0	0.000000E+0	-1.373754E-10
1.073348E+3	4.059000E+0	1.448600E+0	0.000000E+0	0.000000E+0	5.000000E-1	6.650000E+1	1.325000E+3	0.000000E+0	0.000000E+0	-6.334841E-11
1.075332E+3	4.059000E+0	1.441400E+0	0.000000E+0	0.000000E+0	5.000000E-1	6.250000E+1	1.315000E+3	0.000000E+0	0.000000E+0	-1.367410E-10
1.077316E+3	4.059000E+0	1.435600E+0	0.000000E+0	0.000000E+0	5.000000E-1	5.750000E+1	1.310000E+3	0.000000E+0	0.000000E+0	-2.195240E-10
1.079303E+3	4.060000E+0	1.429500E+0	0.000000E+0	0.000000E+0	5.000000E-1	5.300000E+1	1.305000E+3	0.000000E+0	0.000000E+0	-1.865292E-10
1.081289E+3	4.060000E+0	1.422600E+0	0.000000E+0	0.000000E+0	5.000000E-1	5.050000E+1	1.305000E+3	0.000000E+0	0.000000E+0	-8.373746E-11
1.083277E+3	4.061000E+0	1.416600E+0	0.000000E+0	0.000000E+0	5.000000E-1	4.900000E+1	1.290000E+3	0.000000E+0	0.000000E+0	-8.758705E-11
1.085265E+3	4.061000E+0	1.409700E+0	0.000000E+0	0.000000E+0	5.000000E-1	5.000000E+1	1.290000E+3	0.000000E+0	0.000000E+0	-1.723161E-10
1.087252E+3	4.061000E+0	1.403400E+0	0.000000E+0	0.000000E+0	5.000000E-1	5.150000E+1	1.285000E+3	0.000000E+0	0.000000E+0	-2.202432E-10
1.089239E+3	4.062000E+0	1.396200E+0	0.000000E+0	0.000000E+0	5.000000E-1	5.550000E+1	1.285000E+3	0.000000E+0	0.000000E+0	-1.584413E-10
1.091226E+3	4.062000E+0	1.389400E+0	0.000000E+0	0.000000E+0	5.000000E-1	5.900000E+1	1.280000E+3	0.000000E+0	0.000000E+0	-7.790013E-11
1.093214E+3	4.062000E+0	1.383300E+0	0.000000E+0	0.000000E+0	5.000000E-1	6.350000E+1	1.275000E+3	0.000000E+0	0.000000E+0	-9.951601E-11
1.095198E+3	4.063000E+0	1.376400E+0	0.000000E+0	0.000000E+0	5.000000E-1	6.800000E+1	1.275000E+3	0.000000E+0	0.000000E+0	-2.039572E-10
1.097186E+3	4.063000E+0	1.369600E+0	0.000000E+0	0.000000E+0	5.000000E-1	7.150000E+1	1.265000E+3	0.000000E+0	0.000000E+0	-2.192279E-10
1.099171E+3	4.063000E+0	1.363500E+0	0.000000E+0	0.000000E+0	5.000000E-1	7.500000E+1	1.260000E+3	0.000000E+0	0.000000E+0	-1.169017E-10
1.101160E+3	4.064000E+0	1.356600E+0	0.000000E+0	0.000000E+0	5.000000E-1	7.650000E+1	1.250000E+3	0.000000E+0	0.000000E+0	-6.605583E-11
1.103147E+3	4.064000E+0	1.349500E+0	0.000000E+0	0.000000E+0	5.000000E-1	7.750000E+1	1.250000E+3	0.000000E+0	0.000000E+0	-1.355142E-10
1.105135E+3	4.064000E+0	1.343700E+0	0.000000E+0	0.000000E+0	5.000000E-1	7.650000E+1	1.240000E+3	0.000000E+0	0.000000E+0	-2.172821E-10
1.107121E+3	4.065000E+0	1.336500E+0	0.000000E+0	0.000000E+0	5.000000E-1	7.400000E+1	1.230000E+3	0.000000E+0	0.000000E+0	-2.053955E-10
1.109109E+3	4.065000E+0	1.330200E+0	0.000000E+0	0.000000E+0	5.000000E-1	7.100000E+1	1.225000E+3	0.000000E+0	0.000000E+0	-1.031115E-10
1.111097E+3	4.065000E+0	1.323300E+0	0.000000E+0	0.000000E+0	5.000000E-1	6.750000E+1	1.210000E+3	0.000000E+0	0.000000E+0	-6.922851E-11
1.113085E+3	4.065000E+0	1.316100E+0	0.000000E+0	0.000000E+0	5.000000E-1	6.350000E+1	1.210000E+3	0.000000E+0	0.000000E+0	-1.325532E-10
1.115073E+3	4.066000E+0	1.310300E+0	0.000000E+0	0.000000E+0	5.000000E-1	5.900000E+1	1.200000E+3	0.000000E+0	0.000000E+0	-2.214699E-10
1.117062E+3	4.066000E+0	1.303200E+0	0.000000E+0	0.000000E+0	5.000000E-1	5.500000E+1	1.190000E+3	0.000000E+0	0.000000E+0	-2.001079E-10
1.119050E+3	4.066000E+0	1.297400E+0	0.000000E+0	0.000000E+0	5.000000E-1	5.150000E+1	1.185000E+3	0.000000E+0	0.000000E+0	-1.118678E-10
1.121039E+3	4.067000E+0	1.291200E+0	0.000000E+0	0.000000E+0	5.000000E-1	5.000000E+1	1.180000E+3	0.000000E+0	0.000000E+0	-7.147052E-11
1.123026E+3	4.067000E+0	1.284400E+0	0.000000E+0	0.000000E+0	5.000000E-1	4.900000E+1	1.180000E+3	0.000000E+0	0.000000E+0	-1.309880E-10
1.125012E+3	4.068000E+0	1.277200E+0	0.000000E+0	0.000000E+0	5.000000E-1	5.100000E+1	1.175000E+3	0.000000E+0	0.000000E+0	-2.074260E-10
1.127000E+3	4.068000E+0	1.271400E+0	0.000000E+0	0.000000E+0	5.000000E-1	5.300000E+1	1.165000E+3	0.000000E+0	0.000000E+0	-1.960468E-10
1.128984E+3	4.068000E+0	1.264300E+0	0.000000E+0	0.000000E+0	5.000000E-1	5.750000E+1	1.165000E+3	0.000000E+0	0.000000E+0	-9.325535E-11
1.130967E+3	4.068000E+0	1.257400E+0	0.000000E+0	0.000000E+0	5.000000E-1	6.050000E+1	1.160000E+3	0.000000E+0	0.000000E+0	-9.710471E-11
1.132952E+3	4.069000E+0	1.251300E+0	0.000000E+0	0.000000E+0	5.000000E-1	6.400000E+1	1.155000E+3	0.000000E+0	0.000000E+0	-1.935512E-10
1.134941E+3	4.069000E+0	1.244500E+0	0.000000E+0	0.000000E+0	5.000000E-1	6.650000E+1	1.150000E+3	0.000000E+0	0.000000E+0	-2.099217E-10
1.136929E+3	4.069000E+0	1.237600E+0	0.000000E+0	0.000000E+0	5.000000E-1	6.850000E+1	1.140000E+3	0.000000E+0	0.000000E+0	-1.441013E-10
1.138916E+3	4.069000E+0	1.231300E+0	0.000000E+0	0.000000E+0	5.000000E-1	6.900000E+1	1.135000E+3	0.000000E+0	0.000000E+0	-7.819620E-11
1.140899E+3	4.070000E+0	1.224100E+0	0.000000E+0	0.000000E+0	5.000000E-1	6.850000E+1	1.130000E+3	0.000000E+0	0.000000E+0	-1.372062E-10
1.142886E+3	4.070000E+0	1.218300E+0	0.000000E+0	0.000000E+0	5.000000E-1	6.600000E+1	1.125000E+3	0.000000E+0	0.000000E+0	-2.102178E-10
1.144878E+3	4.070000E+0	1.211200E+0	0.000000E+0	0.000000E+0	5.000000E-1	6.250000E+1	1.110000E+3	0.000000E+0	0.000000E+0	-2.064108E-10
1.146862E+3	4.070000E+0	1.204300E+0	0.000000E+0	0.000000E+0	5.000000E-1	5.850000E+1	1.105000E+3	0.000000E+0	0.000000E+0	-1.062420E-10
1.148849E+3	4.071000E+0	1.198200E+0	0.000000E+0	0.000000E+0	5.000000E-1	5.500000E+1	1.100000E+3	0.000000E+0	0.000000E+0	-7.806925E-11
1.150835E+3	4.071000E+0	1.191300E+0	0.000000E+0	0.000000E+0	5.000000E-1	5.150000E+1	1.090000E+3	0.000000E+0	0.000000E+0	-1.614446E-10
1.152823E+3	4.071000E+0	1.184500E+0	0.000000E+0	0.000000E+0	5.000000E-1	5.000000E+1	1.085000E+3	0.000000E+0	0.000000E+0	-2.163514E-10
1.154807E+3	4.072000E+0	1.179500E+0	0.000000E+0	0.000000E+0	5.000000E-1	4.900000E+1	1.085000E+3	0.000000E+0	0.000000E+0	-1.686359E-10
1.156795E+3	4.072000E+0	1.172200E+0	0.000000E+0	0.000000E+0	5.000000E-1	5.000000E+1	1.080000E+3	0.000000E+0	0.000000E+0	-8.961754E-11
1.158781E+3	4.072000E+0	1.165100E+0	0.000000E+0	0.000000E+0	5.000000E-1	5.150000E+1	1.075000E+3	0.000000E+0	0.000000E+0	-9.812015E-11
1.160768E+3	4.072000E+0	1.159000E+0	0.000000E+0	0.000000E+0	5.000000E-1	5.500000E+1	1.065000E+3	0.000000E+0	0.000000E+0	-1.864024E-10
1.162752E+3	4.073000E+0	1.152200E+0	0.000000E+0	0.000000E+0	5.000000E-1	5.750000E+1	1.060000E+3	0.000000E+0	0.000000E+0	-2.046764E-10
1.164736E+3	4.072000E+0	1.145000E+0	0.000000E+0	0.000000E+0	5.000000E-1	6.050000E+1	1.060000E+3	0.000000E+0	0.000000E+0	-1.126294E-10
1.166723E+3	4.073000E+0	1.139200E+0	0.000000E+0	0.000000E+0	5.000000E-1	6.150000E+1	1.050000E+3	0.000000E+0	0.000000E+0	-8.234177E-11
1.168709E+3	4.073000E+0	1.132100E+0	0.000000E+0	0.000000E+0	5.000000E-1	6.250000E+1	1.050000E+3	0.000000E+0	0.000000E+0	-1.573838E-10
1.170693E+3	4.073000E+0	1.126300E+0	0.000000E+0	0.000000E+0	5.000000E-1	6.150000E+1	1.035000E+3	0.000000E+0	0.000000E+0	-2.114023E-10
1.172677E+3	4.074000E+0	1.119100E+0	0.000000E+0	0.000000E+0	5.000000E-1	5.900000E+1	1.030000E+3	0.000000E+0	0.000000E+0	-1.410134E-10
1.174665E+3	4.073000E+0	1.112300E+0	0.000000E+0	0.000000E+0	5.000000E-1	5.600000E+1	1.025000E+3	0.000000E+0	0.000000E+0	-9.202875E-11
1.176651E+3	4.074000E+0	1.106200E+0	0.000000E+0	0.000000E+0	5.000000E-1	5.350000E+1	1.015000E+3	0.000000E+0	0.000000E+0	-1.191859E-10
1.178640E+3	4.074000E+0	1.099300E+0	0.000000E+0	0.000000E+0	5.000000E-1	5.050000E+1	1.010000E+3	0.000000E+0	0.000000E+0	-1.894057E-10
1.180622E+3	4.074000E+0	1.092200E+0	0.000000E+0	0.000000E+0	5.000000E-1	4.900000E+1	1.005000E+3	0.000000E+0	0.000000E+0	-1.888136E-10
1.182607E+3	4.074000E+0	1.086400E+0	0.000000E+0	0.000000E+0	5.000000E-1	4.850000E+1	1.000000E+3	0.000000E+0	0.000000E+0	-1.029848E-10
1.184590E+3	4.074000E+0	1.079200E+0	0.000000E+0	0.000000E+0	5.000000E-1	5.000000E+1	9.900000E+2	0.000000E+0	0.000000E+0	-9.985435E-11
1.186575E+3	4.076000E+0	1.072400E+0	0.000000E+0	0.000000E+0	5.000000E-1	5.150000E+1	9.900000E+2	0.000000E+0	0.000000E+0	-1.924514E-10
1.188563E+3	4.076000E+0	1.066000E+0	0.000000E+0	0.000000E+0	5.000000E-1	5.400000E+1	9.850000E+2	0.000000E+0	0.000000E+0	-2.085259E-10
1.190547E+3	4.076000E+0	1.060200E+0	0.000000E+0	0.000000E+0	5.000000E-1	5.600000E+1	9.800000E+2	0.000000E+0	0.000000E+0	-1.252351E-10
1.192531E+3	4.076000E+0	1.053100E+0	0.000000E+0	0.000000E+0	5.000000E-1	5.800000E+1	9.750000E+2	0.000000E+0	0.000000E+0	-8.365306E-11
1.194517E+3	4.077000E+0	1.047300E+0	0.000000E+0	0.000000E+0	5.000000E-1	5.800000E+1	9.650000E+2	0.000000E+0	0.000000E+0	-1.571723E-10
1.196504E+3	4.077000E+0	1.040100E+0	0.000000E+0	0.000000E+0	5.000000E-1	5.650000E+1	9.600000E+2	0.000000E+0	0.000000E+0	-2.126714E-10
1.198493E+3	4.077000E+0	1.034300E+0	0.000000E+0	0.000000E+0	5.000000E-1	5.400000E+1	9.500000E+2	0.000000E+0	0.000000E+0	-1.812839E-10
1.200480E+3	4.077000E+0	1.027100E+0	0.000000E+0	0.000000E+0	5.000000E-1	5.150000E+1	9.400000E+2	0.000000E+0	0.000000E+0	-9.993900E-11
1.202465E+3	4.077000E+0	1.020300E+0	0.000000E+0	0.000000E+0	5.000000E-1	4.900000E+1	9.350000E+2	0.000000E+0	0.000000E+0	-1.083569E-10
1.204449E+3	4.078000E+0	1.014100E+0	0.000000E+0	0.000000E+0	5.000000E-1	4.850000E+1	9.350000E+2	0.000000E+0	0.000000E+0	-1.866138E-10
1.206433E+3	4.078000E+0	1.007300E+0	0.000000E+0	0.000000E+0	5.000000E-1	4.850000E+1	9.250000E+2	0.000000E+0	0.000000E+0	-1.944818E-10
1.208417E+3	4.078000E+0	1.000100E+0	0.000000E+0	0.000000E+0	5.000000E-1	4.900000E+1	9.250000E+2	0.000000E+0	0.000000E+0	-1.085683E-10
1.210404E+3	4.078000E+0	9.938000E-1	0.000000E+0	0.000000E+0	5.000000E-1	5.100000E+1	9.150000E+2	0.000000E+0	0.000000E+0	-9.342446E-11
1.212423E+3	4.078000E+0	9.869000E-1	0.000000E+0	0.000000E+0	5.000000E-1	5.300000E+1	9.100000E+2	0.000000E+0	0.000000E+0	-9.702028E-11
1.214408E+3	4.078000E+0	9.801000E-1	0.000000E+0	0.000000E+0	5.000000E-1	5.400000E+1	9.050000E+2	0.000000E+0	0.000000E+0	-1.102181E-10
1.216391E+3	4.078000E+0	9.740000E-1	0.000000E+0	0.000000E+0	5.000000E-1	5.350000E+1	9.000000E+2	0.000000E+0	0.000000E+0	-1.941434E-10
1.218375E+3	4.078000E+0	9.671000E-1	0.000000E+0	0.000000E+0	5.000000E-1	5.300000E+1	8.900000E+2	0.000000E+0	0.000000E+0	-1.855563E-10
1.220359E+3	4.078000E+0	9.610000E-1	0.000000E+0	0.000000E+0	5.000000E-1	5.100000E+1	8.850000E+2	0.000000E+0	0.000000E+0	-9.786616E-11
1.222344E+3	4.078000E+0	9.542000E-1	0.000000E+0	0.000000E+0	5.000000E-1	4.900000E+1	8.800000E+2	0.000000E+0	0.000000E+0	-1.021810E-10
1.224328E+3	4.078000E+0	9.470000E-1	0.000000E+0	0.000000E+0	5.000000E-1	4.750000E+1	8.750000E+2	0.000000E+0	0.000000E+0	-1.900826E-10
1.226316E+3	4.078000E+0	9.412000E-1	0.000000E+0	0.000000E+0	5.000000E-1	4.750000E+1	8.650000E+2	0.000000E+0	0.000000E+0	-2.023076E-10
1.228307E+3	4.078000E+0	9.341000E-1	0.000000E+0	0.000000E+0	5.000000E-1	4.800000E+1	8.600000E+2	0.000000E+0	0.000000E+0	-1.541266E-10
1.230289E+3	4.078000E+0	9.283000E-1	0.000000E+0	0.000000E+0	5.000000E-1	4.900000E+1	8.550000E+2	0.000000E+0	0.000000E+0	-8.707957E-11
1.232273E+3	4.079000E+0	9.219000E-1	0.000000E+0	0.000000E+0	5.000000E-1	5.050000E+1	8.500000E+2	0.000000E+0	0.000000E+0	-1.425785E-10
1.234257E+3	4.079000E+0	9.148000E-1	0.000000E+0	0.000000E+0	5.000000E-1	5.100000E+1	8.400000E+2	0.000000E+0	0.000000E+0	-2.052686E-10
1.236241E+3	4.079000E+0	9.079000E-1	0.000000E+0	0.000000E+0	5.000000E-1	5.100000E+1	8.350000E+2	0.000000E+0	0.000000E+0	-1.521808E-10
1.238225E+3	4.079000E+0	9.018000E-1	0.000000E+0	0.000000E+0	5.000000E-1	4.900000E+1	8.300000E+2	0.000000E+0	0.000000E+0	-9.105539E-11
1.240210E+3	4.079000E+0	8.950000E-1	0.000000E+0	0.000000E+0	5.000000E-1	4.800000E+1	8.250000E+2	0.000000E+0	0.000000E+0	-1.371638E-10
1.242198E+3	4.079000E+0	8.881000E-1	0.000000E+0	0.000000E+0	5.000000E-1	4.650000E+1	8.150000E+2	0.000000E+0	0.000000E+0	-1.959623E-10
1.244186E+3	4.079000E+0	8.820000E-1	0.000000E+0	0.000000E+0	5.000000E-1	4.600000E+1	8.100000E+2	0.000000E+0	0.000000E+0	-1.927475E-10
1.246172E+3	4.079000E+0	8.751000E-1	0.000000E+0	0.000000E+0	5.000000E-1	4.650000E+1	8.100000E+2	0.000000E+0	0.000000E+0	-1.153788E-10
1.248159E+3	4.079000E+0	8.679000E-1	0.000000E+0	0.000000E+0	5.000000E-1	4.800000E+1	8.000000E+2	0.000000E+0	0.000000E+0	-9.164777E-11
1.250144E+3	4.079000E+0	8.621000E-1	0.000000E+0	0.000000E+0	5.000000E-1	4.850000E+1	7.900000E+2	0.000000E+0	0.000000E+0	-1.559878E-10
1.252131E+3	4.078000E+0	8.549000E-1	0.000000E+0	0.000000E+0	5.000000E-1	4.850000E+1	7.850000E+2	0.000000E+0	0.000000E+0	-2.012077E-10
1.254115E+3	4.079000E+0	8.491000E-1	0.000000E+0	0.000000E+0	5.000000E-1	4.800000E+1	7.800000E+2	0.000000E+0	0.000000E+0	-1.541689E-10
1.256100E+3	4.079000E+0	8.420000E-1	0.000000E+0	0.000000E+0	5.000000E-1	4.650000E+1	7.750000E+2	0.000000E+0	0.000000E+0	-9.101325E-11
1.258089E+3	4.079000E+0	8.351000E-1	0.000000E+0	0.000000E+0	5.000000E-1	4.600000E+1	7.750000E+2	0.000000E+0	0.000000E+0	-1.172401E-10
1.260077E+3	4.079000E+0	8.290000E-1	0.000000E+0	0.000000E+0	5.000000E-1	4.600000E+1	7.650000E+2	0.000000E+0	0.000000E+0	-1.921975E-10
1.262064E+3	4.078000E+0	8.216000E-1	0.000000E+0	0.000000E+0	5.000000E-1	4.600000E+1	7.550000E+2	0.000000E+0	0.000000E+0	-1.920708E-10
1.264050E+3	4.079000E+0	8.158000E-1	0.000000E+0	0.000000E+0	5.000000E-1	4.650000E+1	7.550000E+2	0.000000E+0	0.000000E+0	-1.298457E-10
1.266033E+3	4.079000E+0	8.097000E-1	0.000000E+0	0.000000E+0	5.000000E-1	4.750000E+1	7.500000E+2	0.000000E+0	0.000000E+0	-9.528570E-11
1.268018E+3	4.079000E+0	8.029000E-1	0.000000E+0	0.000000E+0	5.000000E-1	4.650000E+1	7.400000E+2	0.000000E+0	0.000000E+0	-1.574681E-10
1.270005E+3	4.078000E+0	7.957000E-1	0.000000E+0	0.000000E+0	5.000000E-1	4.550000E+1	7.350000E+2	0.000000E+0	0.000000E+0	-2.003194E-10
1.271989E+3	4.079000E+0	7.899000E-1	0.000000E+0	0.000000E+0	5.000000E-1	4.500000E+1	7.300000E+2	0.000000E+0	0.000000E+0	-1.525189E-10
1.273974E+3	4.079000E+0	7.828000E-1	0.000000E+0	0.000000E+0	5.000000E-1	4.500000E+1	7.250000E+2	0.000000E+0	0.000000E+0	-9.249396E-11
1.275958E+3	4.079000E+0	7.759000E-1	0.000000E+0	0.000000E+0	5.000000E-1	4.500000E+1	7.150000E+2	0.000000E+0	0.000000E+0	-1.409288E-10
1.277946E+3	4.079000E+0	7.699000E-1	0.000000E+0	0.000000E+0	5.000000E-1	4.550000E+1	7.100000E+2	0.000000E+0	0.000000E+0	-2.023499E-10
1.279934E+3	4.079000E+0	7.630000E-1	0.000000E+0	0.000000E+0	5.000000E-1	4.550000E+1	7.000000E+2	0.000000E+0	0.000000E+0	-1.799725E-10
1.281920E+3	4.079000E+0	7.569000E-1	0.000000E+0	0.000000E+0	5.000000E-1	4.500000E+1	7.000000E+2	0.000000E+0	0.000000E+0	-1.186360E-10
1.283904E+3	4.079000E+0	7.500000E-1	0.000000E+0	0.000000E+0	5.000000E-1	4.400000E+1	6.900000E+2	0.000000E+0	0.000000E+0	-1.051420E-10
1.285892E+3	4.079000E+0	7.431000E-1	0.000000E+0	0.000000E+0	5.000000E-1	4.400000E+1	6.850000E+2	0.000000E+0	0.000000E+0	-1.621639E-10
1.287875E+3	4.079000E+0	7.371000E-1	0.000000E+0	0.000000E+0	5.000000E-1	4.400000E+1	6.800000E+2	0.000000E+0	0.000000E+0	-2.012499E-10
1.289872E+3	4.079000E+0	7.296000E-1	0.000000E+0	0.000000E+0	5.000000E-1	4.400000E+1	6.750000E+2	0.000000E+0	0.000000E+0	-1.774768E-10
1.291856E+3	4.078000E+0	7.227000E-1	0.000000E+0	0.000000E+0	5.000000E-1	4.400000E+1	6.650000E+2	0.000000E+0	0.000000E+0	-1.055651E-10
1.293845E+3	4.079000E+0	7.167000E-1	0.000000E+0	0.000000E+0	5.000000E-1	4.400000E+1	6.600000E+2	0.000000E+0	0.000000E+0	-1.037037E-10
1.295837E+3	4.079000E+0	7.098000E-1	0.000000E+0	0.000000E+0	5.000000E-1	4.350000E+1	6.550000E+2	0.000000E+0	0.000000E+0	-1.441013E-10
1.297825E+3	4.079000E+0	7.029000E-1	0.000000E+0	0.000000E+0	5.000000E-1	4.350000E+1	6.500000E+2	0.000000E+0	0.000000E+0	-1.974429E-10
1.299811E+3	4.078000E+0	6.968000E-1	0.000000E+0	0.000000E+0	5.000000E-1	4.350000E+1	6.400000E+2	0.000000E+0	0.000000E+0	-1.767999E-10
1.301795E+3	4.078000E+0	6.907000E-1	0.000000E+0	0.000000E+0	5.000000E-1	4.350000E+1	6.350000E+2	0.000000E+0	0.000000E+0	-1.024346E-10
1.303782E+3	4.079000E+0	6.838000E-1	0.000000E+0	0.000000E+0	5.000000E-1	4.350000E+1	6.300000E+2	0.000000E+0	0.000000E+0	-1.072570E-10
1.305766E+3	4.079000E+0	6.778000E-1	0.000000E+0	0.000000E+0	5.000000E-1	4.300000E+1	6.250000E+2	0.000000E+0	0.000000E+0	-1.785765E-10
1.307751E+3	4.079000E+0	6.709000E-1	0.000000E+0	0.000000E+0	5.000000E-1	4.300000E+1	6.150000E+2	0.000000E+0	0.000000E+0	-1.910556E-10
1.309740E+3	4.078000E+0	6.638000E-1	0.000000E+0	0.000000E+0	5.000000E-1	4.300000E+1	6.100000E+2	0.000000E+0	0.000000E+0	-1.310302E-10
1.311731E+3	4.079000E+0	6.577000E-1	0.000000E+0	0.000000E+0	5.000000E-1	4.300000E+1	6.050000E+2	0.000000E+0	0.000000E+0	-9.790826E-11
1.313728E+3	4.079000E+0	6.506000E-1	0.000000E+0	0.000000E+0	5.000000E-1	4.250000E+1	6.000000E+2	0.000000E+0	0.000000E+0	-9.879683E-11
1.315715E+3	4.079000E+0	6.448000E-1	0.000000E+0	0.000000E+0	5.000000E-1	4.250000E+1	5.900000E+2	0.000000E+0	0.000000E+0	-1.559032E-10
1.317701E+3	4.079000E+0	6.376000E-1	0.000000E+0	0.000000E+0	5.000000E-1	4.250000E+1	5.850000E+2	0.000000E+0	0.000000E+0	-1.960469E-10
1.319685E+3	4.079000E+0	6.308000E-1	0.000000E+0	0.000000E+0	5.000000E-1	4.250000E+1	5.850000E+2	0.000000E+0	0.000000E+0	-1.504463E-10
1.321669E+3	4.079000E+0	6.247000E-1	0.000000E+0	0.000000E+0	5.000000E-1	4.150000E+1	5.800000E+2	0.000000E+0	0.000000E+0	-1.044652E-10
1.323657E+3	4.079000E+0	6.178000E-1	0.000000E+0	0.000000E+0	5.000000E-1	4.150000E+1	5.650000E+2	0.000000E+0	0.000000E+0	-1.215548E-10
1.325645E+3	4.079000E+0	6.107000E-1	0.000000E+0	0.000000E+0	5.000000E-1	4.150000E+1	5.600000E+2	0.000000E+0	0.000000E+0	-1.869522E-10
1.327634E+3	4.079000E+0	6.049000E-1	0.000000E+0	0.000000E+0	5.000000E-1	4.150000E+1	5.600000E+2	0.000000E+0	0.000000E+0	-1.901248E-10
1.329622E+3	4.079000E+0	5.977000E-1	0.000000E+0	0.000000E+0	5.000000E-1	4.150000E+1	5.500000E+2	0.000000E+0	0.000000E+0	-1.426630E-10
1.331610E+3	4.079000E+0	5.908000E-1	0.000000E+0	0.000000E+0	5.000000E-1	4.100000E+1	5.500000E+2	0.000000E+0	0.000000E+0	-9.765477E-11
1.333596E+3	4.080000E+0	5.847000E-1	0.000000E+0	0.000000E+0	5.000000E-1	4.100000E+1	5.400000E+2	0.000000E+0	0.000000E+0	-1.321723E-10
1.335584E+3	4.080000E+0	5.778000E-1	0.000000E+0	0.000000E+0	5.000000E-1	4.100000E+1	5.350000E+2	0.000000E+0	0.000000E+0	-1.847948E-10
1.337571E+3	4.080000E+0	5.709000E-1	0.000000E+0	0.000000E+0	5.000000E-1	4.100000E+1	5.250000E+2	0.000000E+0	0.000000E+0	-1.875021E-10
1.339559E+3	4.080000E+0	5.649000E-1	0.000000E+0	0.000000E+0	5.000000E-1	4.100000E+1	5.250000E+2	0.000000E+0	0.000000E+0	-1.247696E-10
1.341547E+3	4.081000E+0	5.588000E-1	0.000000E+0	0.000000E+0	5.000000E-1	4.050000E+1	5.150000E+2	0.000000E+0	0.000000E+0	-9.702000E-11
1.343537E+3	4.081000E+0	5.519000E-1	0.000000E+0	0.000000E+0	5.000000E-1	4.050000E+1	5.100000E+2	0.000000E+0	0.000000E+0	-1.336952E-10
1.345525E+3	4.081000E+0	5.458000E-1	0.000000E+0	0.000000E+0	5.000000E-1	4.050000E+1	5.050000E+2	0.000000E+0	0.000000E+0	-1.865291E-10
1.347513E+3	4.081000E+0	5.389000E-1	0.000000E+0	0.000000E+0	5.000000E-1	4.050000E+1	4.900000E+2	0.000000E+0	0.000000E+0	-1.914361E-10
1.349501E+3	4.082000E+0	5.321000E-1	0.000000E+0	0.000000E+0	5.000000E-1	4.050000E+1	4.900000E+2	0.000000E+0	0.000000E+0	-1.307341E-10
1.351486E+3	4.082000E+0	5.260000E-1	0.000000E+0	0.000000E+0	5.000000E-1	4.050000E+1	4.850000E+2	0.000000E+0	0.000000E+0	-1.014196E-10
1.353474E+3	4.083000E+0	5.191000E-1	0.000000E+0	0.000000E+0	5.000000E-1	4.000000E+1	4.800000E+2	0.000000E+0	0.000000E+0	-1.485006E-10
1.355463E+3	4.083000E+0	5.120000E-1	0.000000E+0	0.000000E+0	5.000000E-1	4.000000E+1	4.750000E+2	0.000000E+0	0.000000E+0	-1.892364E-10
1.357454E+3	4.084000E+0	5.059000E-1	0.000000E+0	0.000000E+0	5.000000E-1	4.000000E+1	4.650000E+2	0.000000E+0	0.000000E+0	-1.917323E-10
1.359442E+3	4.084000E+0	5.003000E-1	0.000000E+0	0.000000E+0	5.000000E-1	4.000000E+1	4.600000E+2	0.000000E+0	0.000000E+0	-1.314108E-10
