




Time (Second)	Temperature (K)	Field 1 	Field 2 	Field 3 	Gate Voltage (Volt)	SR510 No. 1 (Ohm}	SR510 No. 2 (Ohm}	Empty	Empty	Leakage Current
1.000000E-1	2.923500E+2	1.000000E-4	0.000000E+0	0.000000E+0	0.000000E+0	1.435000E+2	-6.330000E+0	0.000000E+0	0.000000E+0	-2.270954E-10
1.675000E+0	2.923500E+2	1.000000E-4	0.000000E+0	0.000000E+0	0.000000E+0	1.435000E+2	-6.330000E+0	0.000000E+0	0.000000E+0	-1.644048E-10
3.252000E+0	2.923500E+2	1.000000E-4	0.000000E+0	0.000000E+0	0.000000E+0	1.435000E+2	-6.330000E+0	0.000000E+0	0.000000E+0	-1.107244E-10
4.827000E+0	2.923500E+2	1.000000E-4	0.000000E+0	0.000000E+0	0.000000E+0	1.435000E+2	-6.300000E+0	0.000000E+0	0.000000E+0	-1.048447E-10
6.405000E+0	2.923500E+2	1.000000E-4	0.000000E+0	0.000000E+0	0.000000E+0	1.435000E+2	-6.380000E+0	0.000000E+0	0.000000E+0	-1.507416E-10
7.991000E+0	2.923500E+2	1.000000E-4	0.000000E+0	0.000000E+0	0.000000E+0	1.435000E+2	-6.330000E+0	0.000000E+0	0.000000E+0	-3.361913E-10
9.568000E+0	2.923500E+2	1.000000E-4	0.000000E+0	0.000000E+0	0.000000E+0	1.435000E+2	-6.330000E+0	0.000000E+0	0.000000E+0	-4.242442E-10
