




Time (Second)	Temperature (K)	Field 1 	Field 2 	Field 3 	Gate Voltage (Volt)	SR510 No. 1 (Ohm}	SR510 No. 2 (Ohm}	Empty	Empty	Leakage Current
1.000000E-1	4.084000E+0	5.003000E-1	0.000000E+0	0.000000E+0	5.000000E-1	4.000000E+1	4.600000E+2	0.000000E+0	0.000000E+0	-1.919438E-10
1.698000E+0	4.084000E+0	5.003000E-1	0.000000E+0	0.000000E+0	4.900000E-1	4.000000E+1	4.650000E+2	0.000000E+0	0.000000E+0	-1.612330E-10
3.279000E+0	4.083000E+0	5.003000E-1	0.000000E+0	0.000000E+0	4.800000E-1	4.050000E+1	4.750000E+2	0.000000E+0	0.000000E+0	-1.428744E-10
4.855000E+0	4.084000E+0	5.003000E-1	0.000000E+0	0.000000E+0	4.700000E-1	4.100000E+1	4.800000E+2	0.000000E+0	0.000000E+0	-1.486699E-10
6.439000E+0	4.084000E+0	5.003000E-1	0.000000E+0	0.000000E+0	4.600000E-1	4.100000E+1	4.850000E+2	0.000000E+0	0.000000E+0	-1.756578E-10
8.025000E+0	4.084000E+0	5.003000E-1	0.000000E+0	0.000000E+0	4.500000E-1	4.150000E+1	4.900000E+2	0.000000E+0	0.000000E+0	-2.394056E-10
9.606000E+0	4.084000E+0	5.003000E-1	0.000000E+0	0.000000E+0	4.400000E-1	4.250000E+1	5.000000E+2	0.000000E+0	0.000000E+0	-2.676627E-10
1.118900E+1	4.084000E+0	5.003000E-1	0.000000E+0	0.000000E+0	4.300000E-1	4.300000E+1	5.050000E+2	0.000000E+0	0.000000E+0	-2.656322E-10
1.277100E+1	4.084000E+0	5.003000E-1	0.000000E+0	0.000000E+0	4.200000E-1	4.350000E+1	5.100000E+2	0.000000E+0	0.000000E+0	-2.311991E-10
1.434700E+1	4.084000E+0	5.003000E-1	0.000000E+0	0.000000E+0	4.100000E-1	4.400000E+1	5.150000E+2	0.000000E+0	0.000000E+0	-2.162669E-10
1.592500E+1	4.084000E+0	5.003000E-1	0.000000E+0	0.000000E+0	4.000000E-1	4.500000E+1	5.250000E+2	0.000000E+0	0.000000E+0	-2.040418E-10
1.751000E+1	4.084000E+0	5.003000E-1	0.000000E+0	0.000000E+0	3.900000E-1	4.550000E+1	5.300000E+2	0.000000E+0	0.000000E+0	-2.108946E-10
1.908600E+1	4.084000E+0	5.003000E-1	0.000000E+0	0.000000E+0	3.800000E-1	4.650000E+1	5.350000E+2	0.000000E+0	0.000000E+0	-2.311992E-10
2.066400E+1	4.084000E+0	5.003000E-1	0.000000E+0	0.000000E+0	3.700000E-1	4.750000E+1	5.400000E+2	0.000000E+0	0.000000E+0	-2.635595E-10
2.225000E+1	4.084000E+0	5.003000E-1	0.000000E+0	0.000000E+0	3.600000E-1	4.850000E+1	5.400000E+2	0.000000E+0	0.000000E+0	-3.017996E-10
2.383200E+1	4.083000E+0	5.003000E-1	0.000000E+0	0.000000E+0	3.500000E-1	4.900000E+1	5.500000E+2	0.000000E+0	0.000000E+0	-2.933817E-10
2.541600E+1	4.084000E+0	5.003000E-1	0.000000E+0	0.000000E+0	3.400000E-1	5.000000E+1	5.550000E+2	0.000000E+0	0.000000E+0	-2.494309E-10
2.700100E+1	4.084000E+0	5.003000E-1	0.000000E+0	0.000000E+0	3.300000E-1	5.050000E+1	5.550000E+2	0.000000E+0	0.000000E+0	-2.151671E-10
2.857800E+1	4.084000E+0	5.003000E-1	0.000000E+0	0.000000E+0	3.200000E-1	5.100000E+1	5.600000E+2	0.000000E+0	0.000000E+0	-2.131789E-10
3.018000E+1	4.084000E+0	5.003000E-1	0.000000E+0	0.000000E+0	3.100000E-1	5.150000E+1	5.600000E+2	0.000000E+0	0.000000E+0	-3.038301E-10
3.175800E+1	4.084000E+0	5.003000E-1	0.000000E+0	0.000000E+0	3.000000E-1	5.250000E+1	5.600000E+2	0.000000E+0	0.000000E+0	-3.062413E-10
3.336400E+1	4.084000E+0	5.003000E-1	0.000000E+0	0.000000E+0	2.900000E-1	5.250000E+1	5.650000E+2	0.000000E+0	0.000000E+0	-2.165631E-10
3.496500E+1	4.084000E+0	5.003000E-1	0.000000E+0	0.000000E+0	2.800000E-1	5.300000E+1	5.650000E+2	0.000000E+0	0.000000E+0	-2.712582E-10
3.654400E+1	4.084000E+0	5.003000E-1	0.000000E+0	0.000000E+0	2.700000E-1	5.350000E+1	5.750000E+2	0.000000E+0	0.000000E+0	-2.980348E-10
3.812500E+1	4.084000E+0	5.003000E-1	0.000000E+0	0.000000E+0	2.600000E-1	5.400000E+1	5.750000E+2	0.000000E+0	0.000000E+0	-3.069604E-10
3.970600E+1	4.084000E+0	5.003000E-1	0.000000E+0	0.000000E+0	2.500000E-1	5.500000E+1	5.800000E+2	0.000000E+0	0.000000E+0	-2.855560E-10
4.130500E+1	4.084000E+0	5.003000E-1	0.000000E+0	0.000000E+0	2.400000E-1	5.500000E+1	5.800000E+2	0.000000E+0	0.000000E+0	-2.162669E-10
4.288700E+1	4.084000E+0	5.003000E-1	0.000000E+0	0.000000E+0	2.300000E-1	5.600000E+1	5.850000E+2	0.000000E+0	0.000000E+0	-2.273498E-10
4.448500E+1	4.084000E+0	5.003000E-1	0.000000E+0	0.000000E+0	2.200000E-1	5.600000E+1	5.850000E+2	0.000000E+0	0.000000E+0	-3.042954E-10
4.606200E+1	4.084000E+0	5.003000E-1	0.000000E+0	0.000000E+0	2.100000E-1	5.650000E+1	5.850000E+2	0.000000E+0	0.000000E+0	-3.045492E-10
4.764600E+1	4.084000E+0	5.003000E-1	0.000000E+0	0.000000E+0	2.000000E-1	5.750000E+1	5.900000E+2	0.000000E+0	0.000000E+0	-2.721466E-10
4.922300E+1	4.084000E+0	5.003000E-1	0.000000E+0	0.000000E+0	1.900000E-1	5.800000E+1	5.900000E+2	0.000000E+0	0.000000E+0	-2.426627E-10
5.080700E+1	4.084000E+0	5.003000E-1	0.000000E+0	0.000000E+0	1.800000E-1	5.850000E+1	6.000000E+2	0.000000E+0	0.000000E+0	-2.157170E-10
5.238800E+1	4.084000E+0	5.003000E-1	0.000000E+0	0.000000E+0	1.700000E-1	5.900000E+1	6.000000E+2	0.000000E+0	0.000000E+0	-2.237119E-10
5.397800E+1	4.084000E+0	5.003000E-1	0.000000E+0	0.000000E+0	1.600000E-1	6.050000E+1	6.050000E+2	0.000000E+0	0.000000E+0	-2.775611E-10
5.556300E+1	4.083000E+0	5.003000E-1	0.000000E+0	0.000000E+0	1.500000E-1	6.100000E+1	6.100000E+2	0.000000E+0	0.000000E+0	-3.077218E-10
5.714700E+1	4.084000E+0	5.003000E-1	0.000000E+0	0.000000E+0	1.400000E-1	6.250000E+1	6.150000E+2	0.000000E+0	0.000000E+0	-2.828065E-10
5.872800E+1	4.084000E+0	5.003000E-1	0.000000E+0	0.000000E+0	1.300000E-1	6.350000E+1	6.250000E+2	0.000000E+0	0.000000E+0	-2.448624E-10
6.031600E+1	4.084000E+0	5.003000E-1	0.000000E+0	0.000000E+0	1.200000E-1	6.400000E+1	6.300000E+2	0.000000E+0	0.000000E+0	-2.125867E-10
6.191700E+1	4.083000E+0	5.003000E-1	0.000000E+0	0.000000E+0	1.100000E-1	6.550000E+1	6.300000E+2	0.000000E+0	0.000000E+0	-2.959621E-10
6.349900E+1	4.083000E+0	5.003000E-1	0.000000E+0	0.000000E+0	1.000000E-1	6.650000E+1	6.350000E+2	0.000000E+0	0.000000E+0	-3.116558E-10
6.507700E+1	4.084000E+0	5.003000E-1	0.000000E+0	0.000000E+0	9.000000E-2	6.800000E+1	6.400000E+2	0.000000E+0	0.000000E+0	-2.975272E-10
6.666800E+1	4.084000E+0	5.003000E-1	0.000000E+0	0.000000E+0	8.000000E-2	6.900000E+1	6.500000E+2	0.000000E+0	0.000000E+0	-2.282382E-10
6.824900E+1	4.084000E+0	5.003000E-1	0.000000E+0	0.000000E+0	7.000000E-2	7.000000E+1	6.500000E+2	0.000000E+0	0.000000E+0	-2.150824E-10
6.982800E+1	4.084000E+0	5.003000E-1	0.000000E+0	0.000000E+0	6.000000E-2	7.150000E+1	6.550000E+2	0.000000E+0	0.000000E+0	-2.207508E-10
7.141300E+1	4.084000E+0	5.003000E-1	0.000000E+0	0.000000E+0	5.000000E-2	7.250000E+1	6.600000E+2	0.000000E+0	0.000000E+0	-2.712582E-10
7.299300E+1	4.084000E+0	5.003000E-1	0.000000E+0	0.000000E+0	4.000000E-2	7.300000E+1	6.600000E+2	0.000000E+0	0.000000E+0	-3.004037E-10
7.457800E+1	4.084000E+0	5.003000E-1	0.000000E+0	0.000000E+0	3.000000E-2	7.350000E+1	6.600000E+2	0.000000E+0	0.000000E+0	-3.019265E-10
7.615500E+1	4.084000E+0	5.003000E-1	0.000000E+0	0.000000E+0	2.000000E-2	7.500000E+1	6.650000E+2	0.000000E+0	0.000000E+0	-2.866982E-10
7.773400E+1	4.084000E+0	5.003000E-1	0.000000E+0	0.000000E+0	1.000000E-2	7.500000E+1	6.650000E+2	0.000000E+0	0.000000E+0	-2.537033E-10
7.931900E+1	4.084000E+0	5.003000E-1	0.000000E+0	0.000000E+0	0.000000E+0	7.600000E+1	6.650000E+2	0.000000E+0	0.000000E+0	-2.177898E-10
8.089700E+1	4.084000E+0	5.003000E-1	0.000000E+0	0.000000E+0	-1.000000E-2	7.600000E+1	6.750000E+2	0.000000E+0	0.000000E+0	-2.185089E-10
8.249500E+1	4.084000E+0	5.003000E-1	0.000000E+0	0.000000E+0	-2.000000E-2	7.750000E+1	6.750000E+2	0.000000E+0	0.000000E+0	-2.965543E-10
8.407400E+1	4.084000E+0	5.003000E-1	0.000000E+0	0.000000E+0	-3.000000E-2	7.850000E+1	6.800000E+2	0.000000E+0	0.000000E+0	-3.095408E-10
8.565900E+1	4.084000E+0	5.003000E-1	0.000000E+0	0.000000E+0	-4.000000E-2	7.900000E+1	6.900000E+2	0.000000E+0	0.000000E+0	-2.876288E-10
8.723900E+1	4.084000E+0	5.003000E-1	0.000000E+0	0.000000E+0	-5.000000E-2	8.100000E+1	6.900000E+2	0.000000E+0	0.000000E+0	-2.586948E-10
8.882100E+1	4.084000E+0	5.003000E-1	0.000000E+0	0.000000E+0	-6.000000E-2	8.250000E+1	7.000000E+2	0.000000E+0	0.000000E+0	-2.139826E-10
9.040700E+1	4.084000E+0	5.003000E-1	0.000000E+0	0.000000E+0	-7.000000E-2	8.400000E+1	7.100000E+2	0.000000E+0	0.000000E+0	-2.233736E-10
9.199100E+1	4.084000E+0	5.003000E-1	0.000000E+0	0.000000E+0	-8.000000E-2	8.600000E+1	7.100000E+2	0.000000E+0	0.000000E+0	-2.657168E-10
9.357100E+1	4.084000E+0	5.003000E-1	0.000000E+0	0.000000E+0	-9.000000E-2	8.750000E+1	7.150000E+2	0.000000E+0	0.000000E+0	-3.037032E-10
9.515300E+1	4.084000E+0	5.003000E-1	0.000000E+0	0.000000E+0	-1.000000E-1	8.850000E+1	7.150000E+2	0.000000E+0	0.000000E+0	-3.115712E-10
9.673100E+1	4.084000E+0	5.003000E-1	0.000000E+0	0.000000E+0	-1.100000E-1	9.000000E+1	7.250000E+2	0.000000E+0	0.000000E+0	-2.949046E-10
9.831300E+1	4.083000E+0	5.003000E-1	0.000000E+0	0.000000E+0	-1.200000E-1	9.100000E+1	7.250000E+2	0.000000E+0	0.000000E+0	-2.537879E-10
9.989500E+1	4.084000E+0	5.003000E-1	0.000000E+0	0.000000E+0	-1.300000E-1	9.250000E+1	7.250000E+2	0.000000E+0	0.000000E+0	-2.185512E-10
1.014720E+2	4.084000E+0	5.003000E-1	0.000000E+0	0.000000E+0	-1.400000E-1	9.350000E+1	7.300000E+2	0.000000E+0	0.000000E+0	-2.099218E-10
1.030570E+2	4.084000E+0	5.003000E-1	0.000000E+0	0.000000E+0	-1.500000E-1	9.500000E+1	7.350000E+2	0.000000E+0	0.000000E+0	-2.421552E-10
1.046380E+2	4.084000E+0	5.003000E-1	0.000000E+0	0.000000E+0	-1.600000E-1	9.650000E+1	7.350000E+2	0.000000E+0	0.000000E+0	-2.765459E-10
1.062200E+2	4.084000E+0	5.003000E-1	0.000000E+0	0.000000E+0	-1.700000E-1	9.850000E+1	7.400000E+2	0.000000E+0	0.000000E+0	-3.091177E-10
1.077970E+2	4.084000E+0	5.003000E-1	0.000000E+0	0.000000E+0	-1.800000E-1	1.005000E+2	7.500000E+2	0.000000E+0	0.000000E+0	-3.121211E-10
1.093790E+2	4.084000E+0	5.003000E-1	0.000000E+0	0.000000E+0	-1.900000E-1	1.025000E+2	7.550000E+2	0.000000E+0	0.000000E+0	-2.863175E-10
1.109620E+2	4.084000E+0	5.003000E-1	0.000000E+0	0.000000E+0	-2.000000E-1	1.050000E+2	7.600000E+2	0.000000E+0	0.000000E+0	-2.336527E-10
1.125410E+2	4.084000E+0	5.003000E-1	0.000000E+0	0.000000E+0	-2.100000E-1	1.075000E+2	7.600000E+2	0.000000E+0	0.000000E+0	-2.163938E-10
1.141330E+2	4.083000E+0	5.003000E-1	0.000000E+0	0.000000E+0	-2.200000E-1	1.100000E+2	7.750000E+2	0.000000E+0	0.000000E+0	-2.438895E-10
1.157120E+2	4.084000E+0	5.003000E-1	0.000000E+0	0.000000E+0	-2.300000E-1	1.125000E+2	7.800000E+2	0.000000E+0	0.000000E+0	-2.820028E-10
1.172940E+2	4.083000E+0	5.003000E-1	0.000000E+0	0.000000E+0	-2.400000E-1	1.150000E+2	7.850000E+2	0.000000E+0	0.000000E+0	-3.118250E-10
1.188800E+2	4.084000E+0	5.003000E-1	0.000000E+0	0.000000E+0	-2.500000E-1	1.180000E+2	7.900000E+2	0.000000E+0	0.000000E+0	-2.922819E-10
1.204580E+2	4.084000E+0	5.003000E-1	0.000000E+0	0.000000E+0	-2.600000E-1	1.205000E+2	8.000000E+2	0.000000E+0	0.000000E+0	-2.623750E-10
1.220510E+2	4.084000E+0	5.003000E-1	0.000000E+0	0.000000E+0	-2.700000E-1	1.235000E+2	8.100000E+2	0.000000E+0	0.000000E+0	-2.095410E-10
1.236360E+2	4.083000E+0	5.003000E-1	0.000000E+0	0.000000E+0	-2.800000E-1	1.265000E+2	8.150000E+2	0.000000E+0	0.000000E+0	-2.392786E-10
1.252170E+2	4.084000E+0	5.003000E-1	0.000000E+0	0.000000E+0	-2.900000E-1	1.300000E+2	8.250000E+2	0.000000E+0	0.000000E+0	-2.861482E-10
1.267950E+2	4.084000E+0	5.003000E-1	0.000000E+0	0.000000E+0	-3.000000E-1	1.335000E+2	8.300000E+2	0.000000E+0	0.000000E+0	-3.096253E-10
1.283730E+2	4.084000E+0	5.003000E-1	0.000000E+0	0.000000E+0	-3.100000E-1	1.365000E+2	8.400000E+2	0.000000E+0	0.000000E+0	-3.161397E-10
1.299580E+2	4.083000E+0	5.003000E-1	0.000000E+0	0.000000E+0	-3.200000E-1	1.405000E+2	8.550000E+2	0.000000E+0	0.000000E+0	-2.797607E-10
1.315420E+2	4.084000E+0	5.003000E-1	0.000000E+0	0.000000E+0	-3.300000E-1	1.440000E+2	8.600000E+2	0.000000E+0	0.000000E+0	-2.305646E-10
1.331230E+2	4.084000E+0	5.003000E-1	0.000000E+0	0.000000E+0	-3.400000E-1	1.480000E+2	8.650000E+2	0.000000E+0	0.000000E+0	-2.081029E-10
1.347010E+2	4.084000E+0	5.003000E-1	0.000000E+0	0.000000E+0	-3.500000E-1	1.525000E+2	8.850000E+2	0.000000E+0	0.000000E+0	-2.118252E-10
1.362870E+2	4.084000E+0	5.003000E-1	0.000000E+0	0.000000E+0	-3.600000E-1	1.560000E+2	8.900000E+2	0.000000E+0	0.000000E+0	-2.712160E-10
1.378650E+2	4.084000E+0	5.003000E-1	0.000000E+0	0.000000E+0	-3.700000E-1	1.605000E+2	9.000000E+2	0.000000E+0	0.000000E+0	-3.056913E-10
1.394480E+2	4.084000E+0	5.003000E-1	0.000000E+0	0.000000E+0	-3.800000E-1	1.655000E+2	9.100000E+2	0.000000E+0	0.000000E+0	-3.215965E-10
1.410430E+2	4.084000E+0	5.003000E-1	0.000000E+0	0.000000E+0	-3.900000E-1	1.700000E+2	9.250000E+2	0.000000E+0	0.000000E+0	-2.394055E-10
1.426240E+2	4.084000E+0	5.003000E-1	0.000000E+0	0.000000E+0	-4.000000E-1	1.755000E+2	9.350000E+2	0.000000E+0	0.000000E+0	-2.096678E-10
1.442060E+2	4.084000E+0	5.003000E-1	0.000000E+0	0.000000E+0	-4.100000E-1	1.805000E+2	9.500000E+2	0.000000E+0	0.000000E+0	-2.138134E-10
1.457920E+2	4.084000E+0	5.003000E-1	0.000000E+0	0.000000E+0	-4.200000E-1	1.860000E+2	9.600000E+2	0.000000E+0	0.000000E+0	-2.643631E-10
1.473960E+2	4.084000E+0	5.003000E-1	0.000000E+0	0.000000E+0	-4.300000E-1	1.915000E+2	9.750000E+2	0.000000E+0	0.000000E+0	-2.899553E-10
1.489770E+2	4.084000E+0	5.003000E-1	0.000000E+0	0.000000E+0	-4.400000E-1	1.980000E+2	9.850000E+2	0.000000E+0	0.000000E+0	-2.412244E-10
1.505590E+2	4.083000E+0	5.003000E-1	0.000000E+0	0.000000E+0	-4.500000E-1	2.035000E+2	1.000000E+3	0.000000E+0	0.000000E+0	-2.060723E-10
1.521470E+2	4.084000E+0	5.003000E-1	0.000000E+0	0.000000E+0	-4.600000E-1	2.105000E+2	1.010000E+3	0.000000E+0	0.000000E+0	-2.271382E-10
1.537320E+2	4.083000E+0	5.003000E-1	0.000000E+0	0.000000E+0	-4.700000E-1	2.165000E+2	1.025000E+3	0.000000E+0	0.000000E+0	-2.967658E-10
1.553130E+2	4.084000E+0	5.003000E-1	0.000000E+0	0.000000E+0	-4.800000E-1	2.240000E+2	1.035000E+3	0.000000E+0	0.000000E+0	-3.275610E-10
1.568960E+2	4.084000E+0	5.003000E-1	0.000000E+0	0.000000E+0	-4.900000E-1	2.310000E+2	1.055000E+3	0.000000E+0	0.000000E+0	-3.135593E-10
1.584840E+2	4.084000E+0	5.003000E-1	0.000000E+0	0.000000E+0	-5.000000E-1	2.390000E+2	1.065000E+3	0.000000E+0	0.000000E+0	-2.311569E-10
1.600640E+2	4.083000E+0	5.003000E-1	0.000000E+0	0.000000E+0	-5.000000E-1	2.460000E+2	1.075000E+3	0.000000E+0	0.000000E+0	-1.985427E-10
